-3
12521 13321 1169 1489 283173 283493
-3
-3
8677 9477 732 1052 273035 273355
-3
-3
11403 12203 732 1052 273035 273355
-3
-3
4928 5728 732 1052 273035 273355
-3
-3
18489 19289 1169 1489 283173 283493
-3
-3
23284 24084 1169 1489 283173 283493
-3
-3
38173 38973 1529 1849 280150 280470
-3
-3
20914 21714 702 1022 270995 271315
-3
-3
33567 34367 1529 1849 280150 280470
-3
-3
6060 6860 732 1052 273035 273355
-3
-3
34123 34923 1529 1849 280150 280470
-3
-3
7550 8350 732 1052 273035 273355
-3
-3
22961 23761 1169 1489 283173 283493
-3
-3
9390 10190 1529 1849 280150 280470
-3
-3
6515 7315 732 1052 273035 273355
-3
-3
26555 27355 1529 1849 280150 280470
-3
-3
10692 11492 732 1052 273035 273355
-3
-3
3231 4031 732 1052 273035 273355
-3
-3
34412 35212 1529 1849 280150 280470
-3
-3
27150 27950 1529 1849 280150 280470
-3
-3
28932 29732 1529 1849 280150 280470
-3
-3
28526 29326 1529 1849 280150 280470
-3
-3
1722 2522 732 1052 273035 273355
-3
-3
9977 10777 732 1052 273035 273355
-3
-3
39523 40323 1529 1849 280150 280470
-3
-3
20431 21231 702 1022 270995 271315
-3
-3
11409 12209 732 1052 273035 273355
-3
-3
14394 15194 1529 1849 280150 280470
-3
-3
15723 16523 1169 1489 283173 283493
-3
-3
19950 20750 702 1022 270995 271315
-3
-3
11101 11901 732 1052 273035 273355
-3
-3
3364 4164 732 1052 273035 273355
-3
-3
28627 29427 1529 1849 280150 280470
-3
-3
22504 23304 702 1022 270995 271315
-3
-3
8292 9092 732 1052 273035 273355
-3
-3
22236 23036 702 1022 270995 271315
-3
-3
20908 21708 702 1022 270995 271315
-3
-3
21585 22385 702 1022 270995 271315
-3
-3
18270 19070 1169 1489 283173 283493
-3
-3
9833 10633 732 1052 273035 273355
-3
-3
27645 28445 1529 1849 280150 280470
-3
-3
7751 8551 732 1052 273035 273355
-3
-3
17383 18183 1529 1849 280150 280470
-3
-3
25727 26527 1529 1849 280150 280470
-3
-3
36903 37703 1529 1849 280150 280470
-3
-3
23899 24699 1168 1488 283173 283493
-3
-3
7640 8440 732 1052 273035 273355
-3
-3
2953 3753 732 1052 273035 273355
-3
-3
2250 3050 726 1046 273062 273382
-3
-3
42053 42853 1501 1821 279754 280074
-3
-3
5223 6023 732 1052 273035 273355
-3
-3
31182 31982 1529 1849 280150 280470
-3
-3
1057 1857 732 1052 273035 273355
-3
-3
6945 7745 732 1052 273035 273355
-3
-3
16279 17079 1529 1849 280150 280470
-3
-3
40580 41380 1501 1821 279754 280074
-3
-3
2496 3296 1169 1489 283173 283493
-3
-3
27689 28489 1529 1849 280150 280470
-3
-3
30094 30894 1529 1849 280150 280470
-3
-3
37982 38782 1383 1703 254629 254949
-3
-3
22759 23559 702 1022 270995 271315
-3
-3
41195 41995 1501 1821 279754 280074
-3
-3
41346 42146 1501 1821 279754 280074
-3
-3
6744 7544 732 1052 273035 273355
-3
-3
38819 39619 1529 1849 280150 280470
-3
-3
24759 25559 1529 1849 280150 280470
-3
-3
4100 4900 1529 1849 280150 280470
-3
-3
15085 15885 1169 1489 283173 283493
-3
-3
1702 2502 732 1052 273035 273355
-3
-3
22370 23170 702 1022 270995 271315
-3
-3
24919 25719 1529 1849 280150 280470
-3
-3
4468 5268 732 1052 273035 273355
-3
-3
5241 6041 732 1052 273035 273355
-3
-3
17422 18222 1169 1489 283173 283493
-3
-3
30195 30995 1529 1849 280150 280470
-3
-3
42144 42944 1501 1821 279754 280074
-3
-3
16441 17241 1529 1849 280150 280470
-3
-3
37835 38635 1383 1703 254629 254949
-3
-3
20217 21017 702 1022 270995 271315
-3
-3
18692 19492 1169 1489 283173 283493
-3
-3
10366 11166 732 1052 273035 273355
-3
-3
560 1360 732 1052 273035 273355
-3
-3
5232 6032 732 1052 273035 273355
-3
-3
11423 12223 727 1047 273039 273359
-3
-3
27267 28067 1529 1849 280150 280470
-3
-3
41274 42074 1501 1821 279754 280074
-3
-3
7361 8161 732 1052 273035 273355
-3
-3
29764 30564 1529 1849 280150 280470
-3
-3
44083 44642 1501 1821 279754 280074
-3
-3
37455 38255 1529 1849 280150 280470
-3
-3
42866 43666 1501 1821 279754 280074
-3
-3
22200 23000 702 1022 270995 271315
-3
-3
34008 34808 1529 1849 280150 280470
-3
-3
14690 15490 1169 1489 283173 283493
-3
-3
4064 4864 732 1052 273035 273355
-3
-3
3305 4105 732 1052 273035 273355
-3
-3
39449 40249 1529 1849 280150 280470
-3
-3
8164 8964 732 1052 273035 273355
-3
-3
18391 19191 1169 1489 283173 283493
-3
-3
16272 17072 1529 1849 280150 280470
-3
-3
5654 6454 732 1052 273035 273355
-3
-3
43310 44110 1501 1821 279754 280074
-3
-3
20740 21540 702 1022 270995 271315
-3
-3
10895 11695 1529 1849 280150 280470
-3
-3
35852 36652 1529 1849 280150 280470
-3
-3
26055 26855 702 1022 270995 271315
-3
-3
28159 28959 1529 1849 280150 280470
-3
-3
7652 8452 732 1052 273035 273355
-3
-3
19248 20048 1529 1849 280150 280470
-3
-3
3734 4534 1169 1489 283173 283493
-3
-3
26344 27144 1529 1849 280150 280470
-3
-3
29615 30415 1529 1849 280150 280470
-3
-3
24056 24856 1168 1488 283173 283493
-3
-3
31576 32376 1529 1849 280150 280470
-3
-3
16158 16958 1169 1489 283173 283493
-3
-3
6681 7481 732 1052 273035 273355
-3
-3
3328 4128 732 1052 273035 273355
-3
-3
23520 24320 1529 1849 280150 280470
-3
-3
11565 12365 733 1053 273035 273355
-3
-3
2769 3569 732 1052 273035 273355
-3
-3
36095 36895 1529 1849 280150 280470
-3
-3
9789 10589 1529 1849 280150 280470
-3
-3
24969 25769 1529 1849 280150 280470
-3
-3
582 1382 732 1052 273035 273355
-3
-3
44242 44642 1501 1821 279754 280074
-3
-3
29033 29833 1529 1849 280150 280470
-3
-3
3887 4687 732 1052 273035 273355
-3
-3
39049 39849 1529 1849 280150 280470
-3
-3
37197 37997 1529 1849 280150 280470
-3
-3
22278 23078 702 1022 270995 271315
-3
-3
30441 31241 1529 1849 280150 280470
-3
-3
17971 18771 1169 1489 283173 283493
-3
-3
40708 41508 1501 1821 279754 280074
-3
-3
26301 27101 1529 1849 280150 280470
-3
-3
28866 29666 1529 1849 280150 280470
-3
-3
31919 32719 1529 1849 280150 280470
-3
-3
7714 8514 732 1052 273035 273355
-3
-3
32145 32945 1529 1849 280150 280470
-3
-3
39571 40371 1529 1849 280150 280470
-3
-3
2083 2883 732 1052 273035 273355
-3
-3
10999 11799 1529 1849 280150 280470
-3
-3
21273 22073 702 1022 270995 271315
-3
-3
31698 32498 1529 1849 280150 280470
-3
-3
35055 35855 1529 1849 280150 280470
-3
-3
27969 28769 1529 1849 280150 280470
-3
-3
22976 23776 1529 1849 280150 280470
-3
-3
41737 42537 1501 1821 279754 280074
-3
-3
31298 32098 1529 1849 280150 280470
-3
-3
1854 2654 732 1052 273035 273355
-3
-3
28422 29222 1529 1849 280150 280470
-3
-3
34067 34867 1529 1849 280150 280470
-3
-3
13070 13870 1169 1489 283173 283493
-3
-3
38212 39012 1529 1849 280150 280470
-3
-3
34157 34957 1529 1849 280150 280470
-3
-3
13652 14452 1169 1489 283173 283493
-3
-3
37812 38612 1383 1703 254629 254949
-3
-3
18548 19348 1169 1489 283173 283493
-3
-3
37301 38101 1529 1849 280150 280470
-3
-3
7339 8139 732 1052 273035 273355
-3
-3
30866 31666 1529 1849 280150 280470
-3
-3
14938 15738 1169 1489 283173 283493
-3
-3
12901 13701 1169 1489 283173 283493
-3
-3
4195 4995 732 1052 273035 273355
-3
-3
30766 31566 1529 1849 280150 280470
-3
-3
39202 40002 1529 1849 280150 280470
-3
-3
8182 8982 732 1052 273035 273355
-3
-3
37805 38605 1383 1703 254629 254949
-3
-3
22037 22837 1529 1849 280150 280470
-3
-3
40327 41127 1501 1821 279754 280074
-3
-3
7854 8654 732 1052 273035 273355
-3
-3
24120 24920 726 1046 273062 273382
-3
-3
6685 7485 732 1052 273035 273355
-3
-3
4247 5047 732 1052 273035 273355
-3
-3
30938 31738 1529 1849 280150 280470
-3
-3
41740 42540 1501 1821 279754 280074
-3
-3
7337 8137 732 1052 273035 273355
-3
-3
9272 10072 732 1052 273035 273355
-3
-3
13955 14755 1169 1489 283173 283493
-3
-3
13755 14555 1169 1489 283173 283493
-3
-3
30889 31689 1529 1849 280150 280470
-3
-3
42378 43178 1501 1821 279754 280074
-3
-3
22942 23742 1529 1849 280150 280470
-3
-3
43959 44642 1501 1821 279754 280074
-3
-3
11068 11868 1529 1849 280150 280470
-3
-3
12457 13257 1169 1489 283173 283493
-3
-3
32731 33531 1529 1849 280150 280470
-3
-3
24000 24800 1169 1489 283173 283493
-3
-3
31006 31806 1529 1849 280150 280470
-3
-3
25390 26190 1529 1849 280150 280470
-3
-3
6459 7259 732 1052 273035 273355
-3
-3
36992 37792 1529 1849 280150 280470
-3
-3
15448 16248 1169 1489 283173 283493
-3
-3
19360 20160 1168 1488 283173 283493
-3
-3
41187 41987 1501 1821 279754 280074
-3
-3
21335 22135 1529 1849 280150 280470
-3
-3
13921 14721 1529 1849 280150 280470
-3
-3
24489 25289 1529 1849 280150 280470
-3
-3
14498 15298 1169 1489 283173 283493
-3
-3
11078 11878 1169 1489 283173 283493
-3
-3
20175 20975 702 1022 270995 271315
-3
-3
42115 42915 1501 1821 279754 280074
-3
-3
35198 35998 1529 1849 280150 280470
-3
-3
26860 27660 1529 1849 280150 280470
-3
-3
1720 2520 732 1052 273035 273355
-3
-3
41256 42056 1501 1821 279754 280074
-3
-3
43720 44520 1501 1821 279754 280074
-3
-3
9057 9857 732 1052 273035 273355
-3
-3
5886 6686 732 1052 273035 273355
-3
-3
13034 13834 1169 1489 283173 283493
-3
-3
22812 23612 702 1022 270995 271315
-3
-3
11895 12695 1529 1849 280150 280470
-3
-3
30532 31332 1529 1849 280150 280470
-3
-3
20875 21675 702 1022 270995 271315
-3
-3
11212 12012 1169 1489 283173 283493
-3
-3
41600 42400 1501 1821 279754 280074
-3
-3
33332 34132 1529 1849 280150 280470
-3
-3
19063 19863 1529 1849 280150 280470
-3
-3
20958 21758 702 1022 270995 271315
-3
-3
39458 40258 1529 1849 280150 280470
-3
-3
44454 44642 1501 1821 279754 280074
-3
-3
27417 28217 1529 1849 280150 280470
-3
-3
31808 32608 1529 1849 280150 280470
-3
-3
15260 16060 1169 1489 283173 283493
-3
-3
21898 22698 1529 1849 280150 280470
-3
-3
3474 4274 732 1052 273035 273355
-3
-3
11715 12515 733 1053 273035 273355
-3
-3
10939 11739 1169 1489 283173 283493
-3
-3
27963 28763 1529 1849 280150 280470
-3
-3
1334 2134 732 1052 273035 273355
-3
-3
22017 22817 702 1022 270995 271315
-3
-3
23258 24058 1169 1489 283173 283493
-3
-3
43449 44249 1501 1821 279754 280074
-3
-3
32335 33135 1529 1849 280150 280470
-3
-3
5476 6276 732 1052 273035 273355
-3
-3
20289 21089 702 1022 270995 271315
-3
-3
28949 29749 1529 1849 280150 280470
-3
-3
24317 25117 1529 1849 280150 280470
-3
-3
29347 30147 1529 1849 280150 280470
-3
-3
9955 10755 732 1052 273035 273355
-3
-3
12471 13271 1169 1489 283173 283493
-3
-3
27279 28079 1529 1849 280150 280470
-3
-3
21851 22651 702 1022 270995 271315
-3
-3
43003 43803 1501 1821 279754 280074
-3
-3
3512 4312 732 1052 273035 273355
-3
-3
8183 8983 732 1052 273035 273355
-3
-3
39961 40761 1529 1849 280150 280470
-3
-3
11965 12765 1169 1489 283173 283493
-3
-3
27247 28047 1529 1849 280150 280470
-3
-3
36039 36839 1529 1849 280150 280470
-3
-3
6781 7581 732 1052 273035 273355
-3
-3
27059 27859 1529 1849 280150 280470
-3
-3
38576 39376 1529 1849 280150 280470
-3
-3
13710 14510 1169 1489 283173 283493
-3
-3
17439 18239 1169 1489 283173 283493
-3
-3
15832 16632 1169 1489 283173 283493
-3
-3
17184 17984 1169 1489 283173 283493
-3
-3
29155 29955 1529 1849 280150 280470
-3
-3
26771 27571 1529 1849 280150 280470
-3
-3
20267 21067 702 1022 270995 271315
-3
-3
5609 6409 732 1052 273035 273355
-3
-3
23908 24708 1169 1489 283173 283493
-3
-3
43526 44326 1501 1821 279754 280074
-3
-3
4416 5216 732 1052 273035 273355
-3
-3
11601 12401 733 1053 273035 273355
-3
-3
24122 24922 726 1046 273062 273382
-3
-3
24705 25505 1529 1849 280150 280470
-3
-3
40550 41350 1501 1821 279754 280074
-3
-3
3797 4597 732 1052 273035 273355
-3
-3
29172 29972 1529 1849 280150 280470
-3
-3
25626 26426 702 1022 270995 271315
-3
-3
36030 36830 1529 1849 280150 280470
-3
-3
31572 32372 1529 1849 280150 280470
-3
-3
2835 3635 732 1052 273035 273355
-3
-3
34391 35191 1529 1849 280150 280470
-3
-3
10204 11004 732 1052 273035 273355
-3
-3
11018 11818 1169 1489 283173 283493
-3
-3
4830 5630 732 1052 273035 273355
-3
-3
22169 22969 702 1022 270995 271315
-3
-3
38265 39065 1529 1849 280150 280470
-3
-3
40869 41669 1501 1821 279754 280074
-3
-3
4071 4871 732 1052 273035 273355
-3
-3
40444 41244 1501 1821 279754 280074
-3
-3
9924 10724 732 1052 273035 273355
-3
-3
17781 18581 1169 1489 283173 283493
-3
-3
33004 33804 1529 1849 280150 280470
-3
-3
25756 26556 702 1022 270995 271315
-3
-3
10085 10885 732 1052 273035 273355
-3
-3
17517 18317 1169 1489 283173 283493
-3
-3
27648 28448 1529 1849 280150 280470
-3
-3
30352 31152 1529 1849 280150 280470
-3
-3
23126 23926 1168 1488 283173 283493
-3
-3
6914 7714 732 1052 273035 273355
-3
-3
29236 30036 1529 1849 280150 280470
-3
-3
2662 3462 705 1025 270990 271310
-3
-3
18516 19316 1169 1489 283173 283493
-3
-3
28479 29279 1529 1849 280150 280470
-3
-3
27367 28167 1529 1849 280150 280470
-3
-3
34186 34986 1529 1849 280150 280470
-3
-3
7396 8196 732 1052 273035 273355
-3
-3
31660 32460 1529 1849 280150 280470
-3
-3
15170 15970 1169 1489 283173 283493
-3
-3
43427 44227 1501 1821 279754 280074
-3
-3
18590 19390 1169 1489 283173 283493
-3
-3
37767 38567 1383 1703 254629 254949
-3
-3
8296 9096 732 1052 273035 273355
-3
-3
28794 29594 1529 1849 280150 280470
-3
-3
23906 24706 1169 1489 283173 283493
-3
-3
13127 13927 1169 1489 283173 283493
-3
-3
6322 7122 732 1052 273035 273355
-3
-3
17529 18329 1169 1489 283173 283493
-3
-3
29116 29916 1529 1849 280150 280470
-3
-3
10393 11193 732 1052 273035 273355
-3
-3
33094 33894 1529 1849 280150 280470
-3
-3
39040 39840 1529 1849 280150 280470
-3
-3
3294 4094 732 1052 273035 273355
-3
-3
21456 22256 702 1022 270995 271315
-3
-3
39917 40717 1529 1849 280150 280470
-3
-3
13379 14179 1529 1849 280150 280470
-3
-3
14093 14893 1169 1489 283173 283493
-3
-3
22923 23723 1529 1849 280150 280470
-3
-3
43731 44531 1501 1821 279754 280074
-3
-3
12339 13139 1529 1849 280150 280470
-3
-3
4957 5757 732 1052 273035 273355
-3
-3
3446 4246 732 1052 273035 273355
-3
-3
15001 15801 1169 1489 283173 283493
-3
-3
43235 44035 1501 1821 279754 280074
-3
-3
7045 7845 732 1052 273035 273355
-3
-3
17488 18288 1169 1489 283173 283493
-3
-3
32780 33580 1529 1849 280150 280470
-3
-3
14441 15241 1169 1489 283173 283493
-3
-3
4506 5306 732 1052 273035 273355
-3
-3
23070 23870 1168 1488 283173 283493
-3
-3
32988 33788 1529 1849 280150 280470
-3
-3
23096 23896 1168 1488 283173 283493
-3
-3
35958 36758 1529 1849 280150 280470
-3
-3
41285 42085 1501 1821 279754 280074
-3
-3
27011 27811 1529 1849 280150 280470
-3
-3
15222 16022 1169 1489 283173 283493
-3
-3
9770 10570 732 1052 273035 273355
-3
-3
8453 9253 732 1052 273035 273355
-3
-3
7871 8671 732 1052 273035 273355
-3
-3
38886 39686 1529 1849 280150 280470
-3
-3
18846 19646 1168 1488 283173 283493
-3
-3
40965 41765 1501 1821 279754 280074
-3
-3
8405 9205 732 1052 273035 273355
-3
-3
41902 42702 1501 1821 279754 280074
-3
-3
17779 18579 1169 1489 283173 283493
-3
-3
3680 4480 1529 1849 280150 280470
-3
-3
10639 11439 732 1052 273035 273355
-3
-3
6992 7792 732 1052 273035 273355
-3
-3
26603 27403 1529 1849 280150 280470
-3
-3
29490 30290 1529 1849 280150 280470
-3
-3
19331 20131 1529 1849 280150 280470
-3
-3
31560 32360 1529 1849 280150 280470
-3
-3
8056 8856 732 1052 273035 273355
-3
-3
9452 10252 1169 1489 283173 283493
-3
-3
5274 6074 732 1052 273035 273355
-3
-3
15101 15901 1169 1489 283173 283493
-3
-3
26941 27741 1529 1849 280150 280470
-3
-3
13174 13974 1169 1489 283173 283493
-3
-3
4663 5463 732 1052 273035 273355
-3
-3
6567 7367 732 1052 273035 273355
-3
-3
36244 37044 1529 1849 280150 280470
-3
-3
37651 38451 1529 1849 280150 280470
-3
-3
4784 5584 732 1052 273035 273355
-3
-3
2680 3480 1169 1489 283173 283493
-3
-3
34294 35094 1529 1849 280150 280470
-3
-3
31795 32595 1529 1849 280150 280470
-3
-3
17902 18702 1168 1488 283173 283493
-3
-3
44064 44642 1501 1821 279754 280074
-3
-3
40248 41048 1501 1821 279754 280074
-3
-3
25774 26574 1529 1849 280150 280470
-3
-3
13429 14229 1529 1849 280150 280470
-3
-3
34214 35014 1529 1849 280150 280470
-3
-3
41859 42659 1501 1821 279754 280074
-3
-3
21834 22634 702 1022 270995 271315
-3
-3
31474 32274 1529 1849 280150 280470
-3
-3
14997 15797 1529 1849 280150 280470
-3
-3
25514 26314 702 1022 270995 271315
-3
-3
17233 18033 1169 1489 283173 283493
-3
-3
21989 22789 702 1022 270995 271315
-3
-3
27237 28037 1529 1849 280150 280470
-3
-3
2081 2881 732 1052 273035 273355
-3
-3
16441 17241 1529 1849 280150 280470
-3
-3
33917 34717 1529 1849 280150 280470
-3
-3
10138 10938 732 1052 273035 273355
-3
-3
25893 26693 1529 1849 280150 280470
-3
-3
39191 39991 1529 1849 280150 280470
-3
-3
359 1159 732 1052 273035 273355
-3
-3
27954 28754 1529 1849 280150 280470
-3
-3
7723 8523 732 1052 273035 273355
-3
-3
5022 5822 732 1052 273035 273355
-3
-3
34522 35322 1529 1849 280150 280470
-3
-3
19088 19888 1169 1489 283173 283493
-3
-3
42674 43474 1501 1821 279754 280074
-3
-3
39306 40106 1529 1849 280150 280470
-3
-3
21768 22568 702 1022 270995 271315
-3
-3
7446 8246 732 1052 273035 273355
-3
-3
26459 27259 1529 1849 280150 280470
-3
-3
14791 15591 1529 1849 280150 280470
-3
-3
26631 27431 1529 1849 280150 280470
-3
-3
41827 42627 1501 1821 279754 280074
-3
-3
15685 16485 1169 1489 283173 283493
-3
-3
40060 40860 1501 1821 279754 280074
-3
-3
31399 32199 1529 1849 280150 280470
-3
-3
12902 13702 1169 1489 283173 283493
-3
-3
37014 37814 1529 1849 280150 280470
-3
-3
37993 38793 1383 1703 254629 254949
-3
-3
3019 3819 732 1052 273035 273355
-3
-3
37648 38448 1529 1849 280150 280470
-3
-3
10584 11384 732 1052 273035 273355
-3
-3
25009 25809 1529 1849 280150 280470
-3
-3
40005 40805 1529 1849 280150 280470
-3
-3
32427 33227 1529 1849 280150 280470
-3
-3
16570 17370 1169 1489 283173 283493
-3
-3
29280 30080 1529 1849 280150 280470
-3
-3
17685 18485 1168 1488 283173 283493
-3
-3
42463 43263 1501 1821 279754 280074
-3
-3
43592 44392 1501 1821 279754 280074
-3
-3
18045 18845 1169 1489 283173 283493
-3
-3
896 1696 732 1052 273035 273355
-3
-3
26435 27235 1529 1849 280150 280470
-3
-3
42829 43629 1501 1821 279754 280074
-3
-3
35418 36218 1529 1849 280150 280470
-3
-3
20643 21443 702 1022 270995 271315
-3
-3
15981 16781 1169 1489 283173 283493
-3
-3
30082 30882 1529 1849 280150 280470
-3
-3
17532 18332 1169 1489 283173 283493
-3
-3
23428 24228 1168 1488 283173 283493
-3
-3
31661 32461 1529 1849 280150 280470
-3
-3
32323 33123 1529 1849 280150 280470
-3
-3
5417 6217 732 1052 273035 273355
-3
-3
28846 29646 1529 1849 280150 280470
-3
-3
3366 4166 732 1052 273035 273355
-3
-3
20597 21397 1529 1849 280150 280470
-3
-3
35365 36165 1529 1849 280150 280470
-3
-3
36030 36830 1529 1849 280150 280470
-3
-3
12969 13769 1169 1489 283173 283493
-3
-3
28716 29516 1529 1849 280150 280470
-3
-3
39050 39850 1529 1849 280150 280470
-3
-3
25737 26537 1529 1849 280150 280470
-3
-3
14420 15220 1529 1849 280150 280470
-3
-3
39179 39979 1529 1849 280150 280470
-3
-3
21100 21900 702 1022 270995 271315
-3
-3
2205 3005 1529 1849 280150 280470
-3
-3
11107 11907 1169 1489 283173 283493
-3
-3
25500 26300 702 1022 270995 271315
-3
-3
19891 20691 702 1022 270995 271315
-3
-3
28690 29490 1529 1849 280150 280470
-3
-3
44212 44642 1501 1821 279754 280074
-3
-3
13056 13856 1169 1489 283173 283493
-3
-3
29586 30386 1529 1849 280150 280470
-3
-3
26006 26806 702 1022 270995 271315
-3
-3
11243 12043 1169 1489 283173 283493
-3
-3
40124 40924 1501 1821 279754 280074
-3
-3
21769 22569 702 1022 270995 271315
-3
-3
27225 28025 1529 1849 280150 280470
-3
-3
684 1484 732 1052 273035 273355
-3
-3
39301 40101 1529 1849 280150 280470
-3
-3
25773 26573 1529 1849 280150 280470
-3
-3
32345 33145 1529 1849 280150 280470
-3
-3
2102 2902 732 1052 273035 273355
-3
-3
6310 7110 732 1052 273035 273355
-3
-3
36311 37111 1529 1849 280150 280470
-3
-3
25230 26030 702 1022 270995 271315
-3
-3
26907 27707 1529 1849 280150 280470
-3
-3
2154 2954 732 1052 273035 273355
-3
-3
16619 17419 1169 1489 283173 283493
-3
-3
14996 15796 1529 1849 280150 280470
-3
-3
30870 31670 1529 1849 280150 280470
-3
-3
11027 11827 1169 1489 283173 283493
-3
-3
40733 41533 1501 1821 279754 280074
-3
-3
20410 21210 1529 1849 280150 280470
-3
-3
5564 6364 732 1052 273035 273355
-3
-3
36953 37753 1529 1849 280150 280470
-3
-3
22616 23416 702 1022 270995 271315
-3
-3
36433 37233 1529 1849 280150 280470
-3
-3
17811 18611 1529 1849 280150 280470
-3
-3
17627 18427 1169 1489 283173 283493
-3
-3
20481 21281 702 1022 270995 271315
-3
-3
17382 18182 1529 1849 280150 280470
-3
-3
30683 31483 1529 1849 280150 280470
-3
-3
25188 25988 702 1022 270995 271315
-3
-3
18508 19308 1168 1488 283173 283493
-3
-3
17046 17846 1169 1489 283173 283493
-3
-3
20670 21470 702 1022 270995 271315
-3
-3
40277 41077 1501 1821 279754 280074
-3
-3
19391 20191 1169 1489 283173 283493
-3
-3
21355 22155 1529 1849 280150 280470
-3
-3
34937 35737 1529 1849 280150 280470
-3
-3
522 1322 732 1052 273035 273355
-3
-3
28820 29620 1529 1849 280150 280470
-3
-3
12159 12959 1169 1489 283173 283493
-3
-3
6832 7632 732 1052 273035 273355
-3
-3
40252 41052 1501 1821 279754 280074
-3
-3
37390 38190 1529 1849 280150 280470
-3
-3
8859 9659 732 1052 273035 273355
-3
-3
42406 43206 1501 1821 279754 280074
-3
-3
29129 29929 1529 1849 280150 280470
-3
-3
23855 24655 1168 1488 283173 283493
-3
-3
3755 4555 732 1052 273035 273355
-3
-3
15276 16076 1169 1489 283173 283493
-3
-3
39708 40508 1529 1849 280150 280470
-3
-3
24165 24965 1529 1849 280150 280470
-3
-3
20840 21640 702 1022 270995 271315
-3
-3
32019 32819 1529 1849 280150 280470
-3
-3
2139 2939 732 1052 273035 273355
-3
-3
32393 33193 1529 1849 280150 280470
-3
-3
5189 5989 732 1052 273035 273355
-3
-3
39528 40328 1529 1849 280150 280470
-3
-3
27994 28794 1529 1849 280150 280470
-3
-3
42333 43133 1501 1821 279754 280074
-3
-3
25569 26369 1529 1849 280150 280470
-3
-3
8540 9340 732 1052 273035 273355
-3
-3
16199 16999 1529 1849 280150 280470
-3
-3
42616 43416 1501 1821 279754 280074
-3
-3
4331 5131 732 1052 273035 273355
-3
-3
11834 12634 1169 1489 283173 283493
-3
-3
17365 18165 1529 1849 280150 280470
-3
-3
806 1606 732 1052 273035 273355
-3
-3
21891 22691 1529 1849 280150 280470
-3
-3
37650 38450 1529 1849 280150 280470
-3
-3
29626 30426 1529 1849 280150 280470
-3
-3
34051 34851 1529 1849 280150 280470
-3
-3
19602 20402 1169 1489 283173 283493
-3
-3
25236 26036 702 1022 270995 271315
-3
-3
1919 2719 732 1052 273035 273355
-3
-3
28462 29262 1529 1849 280150 280470
-3
-3
42763 43563 1501 1821 279754 280074
-3
-3
6168 6968 732 1052 273035 273355
-3
-3
27437 28237 1529 1849 280150 280470
-3
-3
1876 2676 732 1052 273035 273355
-3
-3
21444 22244 702 1022 270995 271315
-3
-3
22504 23304 702 1022 270995 271315
-3
-3
26041 26841 702 1022 270995 271315
-3
-3
17404 18204 1169 1489 283173 283493
-3
-3
29643 30443 1529 1849 280150 280470
-3
-3
3301 4101 732 1052 273035 273355
-3
-3
5155 5955 732 1052 273035 273355
-3
-3
9952 10752 732 1052 273035 273355
-3
-3
42829 43629 1501 1821 279754 280074
-3
-3
33149 33949 1501 1821 279754 280074
-3
-3
7643 8443 732 1052 273035 273355
-3
-3
23757 24557 1529 1849 280150 280470
-3
-3
16810 17610 1169 1489 283173 283493
-3
-3
23842 24642 1168 1488 283173 283493
-3
-3
41493 42293 1501 1821 279754 280074
-3
-3
21141 21941 702 1022 270995 271315
-3
-3
35677 36477 1529 1849 280150 280470
-3
-3
33978 34778 1529 1849 280150 280470
-3
-3
21947 22747 702 1022 270995 271315
-3
-3
32688 33488 1529 1849 280150 280470
-3
-3
2106 2906 732 1052 273035 273355
-3
-3
26693 27493 1529 1849 280150 280470
-3
-3
41859 42659 1501 1821 279754 280074
-3
-3
21709 22509 702 1022 270995 271315
-3
-3
27050 27850 1529 1849 280150 280470
-3
-3
43778 44578 1501 1821 279754 280074
-3
-3
5529 6329 732 1052 273035 273355
-3
-3
25171 25971 702 1022 270995 271315
-3
-3
25066 25866 1529 1849 280150 280470
-3
-3
8086 8886 732 1052 273035 273355
-3
-3
27047 27847 1529 1849 280150 280470
-3
-3
1868 2668 732 1052 273035 273355
-3
-3
5710 6510 732 1052 273035 273355
-3
-3
28208 29008 1529 1849 280150 280470
-3
-3
39034 39834 1529 1849 280150 280470
-3
-3
35354 36154 1529 1849 280150 280470
-3
-3
31509 32309 1529 1849 280150 280470
-3
-3
44189 44642 1501 1821 279754 280074
-3
-3
664 1464 732 1052 273035 273355
-3
-3
29697 30497 1529 1849 280150 280470
-3
-3
7817 8617 732 1052 273035 273355
-3
-3
8308 9108 732 1052 273035 273355
-3
-3
28574 29374 1529 1849 280150 280470
-3
-3
44389 44642 1501 1821 279754 280074
-3
-3
7270 8070 732 1052 273035 273355
-3
-3
545 1345 732 1052 273035 273355
-3
-3
20888 21688 702 1022 270995 271315
-3
-3
42947 43747 1501 1821 279754 280074
-3
-3
9643 10443 732 1052 273035 273355
-3
-3
17955 18755 1169 1489 283173 283493
-3
-3
6114 6914 732 1052 273035 273355
-3
-3
11750 12550 1169 1489 283173 283493
-3
-3
19768 20568 702 1022 270995 271315
-3
-3
3331 4131 732 1052 273035 273355
-3
-3
33459 34259 1529 1849 280150 280470
-3
-3
2176 2976 1529 1849 280150 280470
-3
-3
22230 23030 702 1022 270995 271315
-3
-3
14108 14908 1169 1489 283173 283493
-3
-3
2467 3267 1169 1489 283173 283493
-3
-3
2654 3454 1190 1510 283352 283672
-3
-3
22194 22994 702 1022 270995 271315
-3
-3
29514 30314 1529 1849 280150 280470
-3
-3
4523 5323 732 1052 273035 273355
-3
-3
27905 28705 1529 1849 280150 280470
-3
-3
32843 33643 1529 1849 280150 280470
-3
-3
43557 44357 1501 1821 279754 280074
-3
-3
38379 39179 1529 1849 280150 280470
-3
-3
19710 20510 702 1022 270995 271315
-3
-3
18225 19025 1169 1489 283173 283493
-3
-3
39043 39843 1529 1849 280150 280470
-3
-3
24527 25327 1529 1849 280150 280470
-3
-3
1162 1962 732 1052 273035 273355
-3
-3
22471 23271 702 1022 270995 271315
-3
-3
28221 29021 1529 1849 280150 280470
-3
-3
909 1709 732 1052 273035 273355
-3
-3
29742 30542 1529 1849 280150 280470
-3
-3
28766 29566 1529 1849 280150 280470
-3
-3
21797 22597 702 1022 270995 271315
-3
-3
3167 3967 732 1052 273035 273355
-3
-3
13530 14330 1169 1489 283173 283493
-3
-3
14872 15672 1168 1488 283173 283493
-3
-3
9281 10081 732 1052 273035 273355
-3
-3
25280 26080 1529 1849 280150 280470
-3
-3
9760 10560 732 1052 273035 273355
-3
-3
12613 13413 1529 1849 280150 280470
-3
-3
33859 34659 1529 1849 280150 280470
-3
-3
11937 12737 1529 1849 280150 280470
-3
-3
34843 35643 1529 1849 280150 280470
-3
-3
3325 4125 732 1052 273035 273355
-3
-3
34166 34966 1529 1849 280150 280470
-3
-3
12617 13417 1169 1489 283173 283493
-3
-3
639 1439 732 1052 273035 273355
-3
-3
38801 39601 1529 1849 280150 280470
-3
-3
36902 37702 1529 1849 280150 280470
-3
-3
3664 4464 1169 1489 283173 283493
-3
-3
27002 27802 702 1022 270995 271315
-3
-3
35818 36618 690 1010 271006 271326
-3
-3
42043 42843 1501 1821 279754 280074
-3
-3
2070 2870 732 1052 273035 273355
-3
-3
29163 29963 1529 1849 280150 280470
-3
-3
11565 12365 733 1053 273035 273355
-3
-3
1718 2518 732 1052 273035 273355
-3
-3
30325 31125 1529 1849 280150 280470
-3
-3
9156 9956 732 1052 273035 273355
-3
-3
29939 30739 1529 1849 280150 280470
-3
-3
31234 32034 1529 1849 280150 280470
-3
-3
38898 39698 1529 1849 280150 280470
-3
-3
33826 34626 1529 1849 280150 280470
-3
-3
28151 28951 1529 1849 280150 280470
-3
-3
17186 17986 1169 1489 283173 283493
-3
-3
2714 3514 1190 1510 283352 283672
-3
-3
18143 18943 1169 1489 283173 283493
-3
-3
1587 2387 732 1052 273035 273355
-3
-3
3114 3914 732 1052 273035 273355
-3
-3
27903 28703 1529 1849 280150 280470
-3
-3
14200 15000 1168 1488 283173 283493
-3
-3
36973 37773 1529 1849 280150 280470
-3
-3
14960 15760 1169 1489 283173 283493
-3
-3
24163 24963 1529 1849 280150 280470
-3
-3
15418 16218 1169 1489 283173 283493
-3
-3
4485 5285 732 1052 273035 273355
-3
-3
11901 12701 1529 1849 280150 280470
-3
-3
35819 36619 690 1010 271006 271326
-3
-3
43286 44086 1501 1821 279754 280074
-3
-3
4161 4961 732 1052 273035 273355
-3
-3
39484 40284 1529 1849 280150 280470
-3
-3
25646 26446 702 1022 270995 271315
-3
-3
15099 15899 1169 1489 283173 283493
-3
-3
12005 12805 1169 1489 283173 283493
-3
-3
2836 3636 732 1052 273035 273355
-3
-3
44262 44642 1501 1821 279754 280074
-3
-3
43332 44132 1501 1821 279754 280074
-3
-3
4554 5354 732 1052 273035 273355
-3
-3
29945 30745 1529 1849 280150 280470
-3
-3
7847 8647 732 1052 273035 273355
-3
-3
34494 35294 1529 1849 280150 280470
-3
-3
36299 37099 1529 1849 280150 280470
-3
-3
21865 22665 702 1022 270995 271315
-3
-3
43440 44240 1501 1821 279754 280074
-3
-3
19808 20608 702 1022 270995 271315
-3
-3
14171 14971 1169 1489 283173 283493
-3
-3
1512 2312 732 1052 273035 273355
-3
-3
13071 13871 1529 1849 280150 280470
-3
-3
15759 16559 1169 1489 283173 283493
-3
-3
4626 5426 732 1052 273035 273355
-3
-3
40975 41775 1501 1821 279754 280074
-3
-3
5079 5879 732 1052 273035 273355
-3
-3
41599 42399 1501 1821 279754 280074
-3
-3
11293 12093 1169 1489 283173 283493
-3
-3
4363 5163 732 1052 273035 273355
-3
-3
32137 32937 1529 1849 280150 280470
-3
-3
15778 16578 1169 1489 283173 283493
-3
-3
16264 17064 1529 1849 280150 280470
-3
-3
23314 24114 1169 1489 283173 283493
-3
-3
14422 15222 1529 1849 280150 280470
-3
-3
20425 21225 702 1022 270995 271315
-3
-3
37918 38718 1383 1703 254629 254949
-3
-3
15188 15988 1169 1489 283173 283493
-3
-3
35525 36325 1529 1849 280150 280470
-3
-3
5282 6082 732 1052 273035 273355
-3
-3
18025 18825 1529 1849 280150 280470
-3
-3
35145 35945 1529 1849 280150 280470
-3
-3
23734 24534 1168 1488 283173 283493
-3
-3
22579 23379 702 1022 270995 271315
-3
-3
40211 41011 1501 1821 279754 280074
-3
-3
6701 7501 732 1052 273035 273355
-3
-3
32193 32993 1529 1849 280150 280470
-3
-3
6988 7788 732 1052 273035 273355
-3
-3
3687 4487 1169 1489 283173 283493
-3
-3
30991 31791 1529 1849 280150 280470
-3
-3
1917 2717 732 1052 273035 273355
-3
-3
17858 18658 1169 1489 283173 283493
-3
-3
32503 33303 1529 1849 280150 280470
-3
-3
14988 15788 1169 1489 283173 283493
-3
-3
33617 34417 1529 1849 280150 280470
-3
-3
12249 13049 1169 1489 283173 283493
-3
-3
11321 12121 1529 1849 280150 280470
-3
-3
38697 39497 1529 1849 280150 280470
-3
-3
28968 29768 1529 1849 280150 280470
-3
-3
22615 23415 702 1022 270995 271315
-3
-3
43060 43860 1501 1821 279754 280074
-3
-3
16463 17263 1529 1849 280150 280470
-3
-3
13513 14313 1169 1489 283173 283493
-3
-3
14682 15482 1169 1489 283173 283493
-3
-3
39778 40578 1529 1849 280150 280470
-3
-3
3056 3856 732 1052 273035 273355
-3
-3
10227 11027 732 1052 273035 273355
-3
-3
33054 33854 1529 1849 280150 280470
-3
-3
18244 19044 1169 1489 283173 283493
-3
-3
1110 1910 732 1052 273035 273355
-3
-3
13456 14256 1169 1489 283173 283493
-3
-3
36269 37069 1529 1849 280150 280470
-3
-3
11376 12176 732 1052 273035 273355
-3
-3
12311 13111 1529 1849 280150 280470
-3
-3
33969 34769 1529 1849 280150 280470
-3
-3
26707 27507 1529 1849 280150 280470
-3
-3
19012 19812 1529 1849 280150 280470
-3
-3
21520 22320 1529 1849 280150 280470
-3
-3
33695 34495 1529 1849 280150 280470
-3
-3
22699 23499 702 1022 270995 271315
-3
-3
27632 28432 1529 1849 280150 280470
-3
-3
35612 36412 1529 1849 280150 280470
-3
-3
40558 41358 1501 1821 279754 280074
-3
-3
15493 16293 1169 1489 283173 283493
-3
-3
5959 6759 732 1052 273035 273355
-3
-3
4653 5453 732 1052 273035 273355
-3
-3
2863 3663 732 1052 273035 273355
-3
-3
17280 18080 1169 1489 283173 283493
-3
-3
43350 44150 1501 1821 279754 280074
-3
-3
31831 32631 1529 1849 280150 280470
-3
-3
15015 15815 1169 1489 283173 283493
-3
-3
41768 42568 1501 1821 279754 280074
-3
-3
3653 4453 1529 1849 280150 280470
-3
-3
28529 29329 1529 1849 280150 280470
-3
-3
31570 32370 1529 1849 280150 280470
-3
-3
18551 19351 1169 1489 283173 283493
-3
-3
6705 7505 732 1052 273035 273355
-3
-3
41798 42598 1501 1821 279754 280074
-3
-3
26725 27525 1529 1849 280150 280470
-3
-3
24949 25749 1529 1849 280150 280470
-3
-3
18028 18828 1168 1488 283173 283493
-3
-3
15302 16102 1169 1489 283173 283493
-3
-3
36339 37139 1529 1849 280150 280470
-3
-3
29404 30204 1529 1849 280150 280470
-3
-3
27613 28413 702 1022 270995 271315
-3
-3
25666 26466 1487 1807 279779 280099
-3
-3
11469 12269 733 1053 273035 273355
-3
-3
21745 22545 702 1022 270995 271315
-3
-3
22306 23106 702 1022 270995 271315
-3
-3
523 1323 732 1052 273035 273355
-3
-3
19565 20365 1529 1849 280150 280470
-3
-3
5296 6096 732 1052 273035 273355
-3
-3
36135 36935 1529 1849 280150 280470
-3
-3
15481 16281 1169 1489 283173 283493
-3
-3
40552 41352 1501 1821 279754 280074
-3
-3
17214 18014 1529 1849 280150 280470
-3
-3
39896 40696 1529 1849 280150 280470
-3
-3
43415 44215 1501 1821 279754 280074
-3
-3
34495 35295 1529 1849 280150 280470
-3
-3
38605 39405 1529 1849 280150 280470
-3
-3
5724 6524 732 1052 273035 273355
-3
-3
24630 25430 1529 1849 280150 280470
-3
-3
10851 11651 1529 1849 280150 280470
-3
-3
29139 29939 1529 1849 280150 280470
-3
-3
28279 29079 1529 1849 280150 280470
-3
-3
17542 18342 1169 1489 283173 283493
-3
-3
3048 3848 732 1052 273035 273355
-3
-3
34984 35784 1529 1849 280150 280470
-3
-3
14698 15498 1529 1849 280150 280470
-3
-3
4894 5694 732 1052 273035 273355
-3
-3
35054 35854 1529 1849 280150 280470
-3
-3
32726 33526 1529 1849 280150 280470
-3
-3
20196 20996 702 1022 270995 271315
-3
-3
26751 27551 1529 1849 280150 280470
-3
-3
37251 38051 1529 1849 280150 280470
-3
-3
22929 23729 1529 1849 280150 280470
-3
-3
27537 28337 1529 1849 280150 280470
-3
-3
4078 4878 732 1052 273035 273355
-3
-3
32 832 732 1052 273035 273355
-3
-3
24963 25763 1529 1849 280150 280470
-3
-3
24363 25163 1529 1849 280150 280470
-3
-3
19597 20397 1169 1489 283173 283493
-3
-3
30260 31060 1529 1849 280150 280470
-3
-3
35619 36419 1529 1849 280150 280470
-3
-3
10198 10998 732 1052 273035 273355
-3
-3
1290 2090 732 1052 273035 273355
-3
-3
8191 8991 732 1052 273035 273355
-3
-3
5453 6253 732 1052 273035 273355
-3
-3
19825 20625 702 1022 270995 271315
-3
-3
17806 18606 1529 1849 280150 280470
-3
-3
19178 19978 1169 1489 283173 283493
-3
-3
25549 26349 1529 1849 280150 280470
-3
-3
42437 43237 1501 1821 279754 280074
-3
-3
30029 30829 1529 1849 280150 280470
-3
-3
10047 10847 732 1052 273035 273355
-3
-3
1194 1994 732 1052 273035 273355
-3
-3
2929 3729 732 1052 273035 273355
-3
-3
32857 33657 1529 1849 280150 280470
-3
-3
36179 36979 1529 1849 280150 280470
-3
-3
37389 38189 1529 1849 280150 280470
-3
-3
37751 38551 1383 1703 254629 254949
-3
-3
1711 2511 732 1052 273035 273355
-3
-3
594 1394 732 1052 273035 273355
-3
-3
13305 14105 1529 1849 280150 280470
-3
-3
28462 29262 1529 1849 280150 280470
-3
-3
12965 13765 1169 1489 283173 283493
-3
-3
36234 37034 1529 1849 280150 280470
-3
-3
31119 31919 1529 1849 280150 280470
-3
-3
17043 17843 1169 1489 283173 283493
-3
-3
11387 12187 732 1052 273035 273355
-3
-3
11440 12240 720 1040 273023 273343
-3
-3
16527 17327 1529 1849 280150 280470
-3
-3
30984 31784 1529 1849 280150 280470
-3
-3
16820 17620 1168 1488 283173 283493
-3
-3
7504 8304 732 1052 273035 273355
-3
-3
16303 17103 1169 1489 283173 283493
-3
-3
18110 18910 1169 1489 283173 283493
-3
-3
15695 16495 1169 1489 283173 283493
-3
-3
41518 42318 1501 1821 279754 280074
-3
-3
13055 13855 1169 1489 283173 283493
-3
-3
8622 9422 732 1052 273035 273355
-3
-3
16054 16854 1169 1489 283173 283493
-3
-3
38605 39405 1529 1849 280150 280470
-3
-3
26179 26979 1529 1849 280150 280470
-3
-3
21203 22003 702 1022 270995 271315
-3
-3
4010 4810 732 1052 273035 273355
-3
-3
27373 28173 1529 1849 280150 280470
-3
-3
43895 44642 1501 1821 279754 280074
-3
-3
36867 37667 1529 1849 280150 280470
-3
-3
38672 39472 1529 1849 280150 280470
-3
-3
36642 37442 1529 1849 280150 280470
-3
-3
5097 5897 732 1052 273035 273355
-3
-3
40383 41183 1501 1821 279754 280074
-3
-3
12356 13156 1529 1849 280150 280470
-3
-3
18402 19202 1529 1849 280150 280470
-3
-3
43965 44642 1501 1821 279754 280074
-3
-3
25321 26121 1529 1849 280150 280470
-3
-3
29757 30557 1529 1849 280150 280470
-3
-3
5562 6362 732 1052 273035 273355
-3
-3
17485 18285 1169 1489 283173 283493
-3
-3
16264 17064 1529 1849 280150 280470
-3
-3
17003 17803 1169 1489 283173 283493
-3
-3
34012 34812 1529 1849 280150 280470
-3
-3
22368 23168 702 1022 270995 271315
-3
-3
8943 9743 732 1052 273035 273355
-3
-3
41516 42316 1501 1821 279754 280074
-3
-3
38671 39471 1529 1849 280150 280470
-3
-3
2174 2974 705 1025 270990 271310
-3
-3
32331 33131 1529 1849 280150 280470
-3
-3
35547 36347 1529 1849 280150 280470
-3
-3
15229 16029 1169 1489 283173 283493
-3
-3
16073 16873 1169 1489 283173 283493
-3
-3
6959 7759 732 1052 273035 273355
-3
-3
9192 9992 732 1052 273035 273355
-3
-3
42252 43052 1501 1821 279754 280074
-3
-3
28163 28963 1529 1849 280150 280470
-3
-3
32964 33764 1529 1849 280150 280470
-3
-3
104 904 732 1052 273035 273355
-3
-3
27416 28216 1529 1849 280150 280470
-3
-3
310 1110 732 1052 273035 273355
-3
-3
38776 39576 1529 1849 280150 280470
-3
-3
39178 39978 1529 1849 280150 280470
-3
-3
5407 6207 732 1052 273035 273355
-3
-3
9638 10438 732 1052 273035 273355
-3
-3
26655 27455 1529 1849 280150 280470
-3
-3
43571 44371 1501 1821 279754 280074
-3
-3
8961 9761 732 1052 273035 273355
-3
-3
7334 8134 732 1052 273035 273355
-3
-3
28686 29486 1529 1849 280150 280470
-3
-3
34286 35086 1529 1849 280150 280470
-3
-3
44581 44642 1487 1807 279779 280099
-3
-3
20070 20870 702 1022 270995 271315
-3
-3
26409 27209 1529 1849 280150 280470
-3
-3
33951 34751 1529 1849 280150 280470
-3
-3
42439 43239 1501 1821 279754 280074
-3
-3
35352 36152 1529 1849 280150 280470
-3
-3
5945 6745 732 1052 273035 273355
-3
-3
11588 12388 733 1053 273036 273356
-3
-3
12646 13446 1169 1489 283173 283493
-3
-3
13397 14197 1529 1849 280150 280470
-3
-3
2494 3294 1169 1489 283173 283493
-3
-3
27876 28676 702 1022 270995 271315
-3
-3
29470 30270 1529 1849 280150 280470
-3
-3
29215 30015 1529 1849 280150 280470
-3
-3
12188 12988 1169 1489 283173 283493
-3
-3
2201 3001 1529 1849 280150 280470
-3
-3
32498 33298 1529 1849 280150 280470
-3
-3
511 1311 732 1052 273035 273355
-3
-3
2305 3105 726 1046 273062 273382
-3
-3
35034 35834 1529 1849 280150 280470
-3
-3
821 1621 732 1052 273035 273355
-3
-3
41081 41881 1501 1821 279754 280074
-3
-3
4691 5491 732 1052 273035 273355
-3
-3
25990 26790 702 1022 270995 271315
-3
-3
25839 26639 1529 1849 280150 280470
-3
-3
31346 32146 1529 1849 280150 280470
-3
-3
24919 25719 1529 1849 280150 280470
-3
-3
9921 10721 732 1052 273035 273355
-3
-3
13800 14600 1169 1489 283173 283493
-3
-3
28726 29526 1529 1849 280150 280470
-3
-3
44207 44642 1501 1821 279754 280074
-3
-3
13740 14540 1169 1489 283173 283493
-3
-3
4154 4954 732 1052 273035 273355
-3
-3
25974 26774 702 1022 270995 271315
-3
-3
3049 3849 732 1052 273035 273355
-3
-3
1951 2751 732 1052 273035 273355
-3
-3
36446 37246 1529 1849 280150 280470
-3
-3
28757 29557 1529 1849 280150 280470
-3
-3
13540 14340 1529 1849 280150 280470
-3
-3
4451 5251 732 1052 273035 273355
-3
-3
42154 42954 1501 1821 279754 280074
-3
-3
35796 36596 690 1010 271006 271326
-3
-3
32327 33127 1529 1849 280150 280470
-3
-3
2102 2902 732 1052 273035 273355
-3
-3
40131 40931 1501 1821 279754 280074
-3
-3
19635 20435 1169 1489 283173 283493
-3
-3
4303 5103 732 1052 273035 273355
-3
-3
27988 28788 1529 1849 280150 280470
-3
-3
20146 20946 702 1022 270995 271315
-3
-3
26370 27170 1529 1849 280150 280470
-3
-3
38142 38942 1383 1703 254629 254949
-3
-3
40729 41529 1501 1821 279754 280074
-3
-3
42572 43372 1501 1821 279754 280074
-3
-3
42833 43633 1501 1821 279754 280074
-3
-3
22077 22877 702 1022 270995 271315
-3
-3
23769 24569 1168 1488 283173 283493
-3
-3
4657 5457 732 1052 273035 273355
-3
-3
22117 22917 702 1022 270995 271315
-3
-3
33690 34490 1529 1849 280150 280470
-3
-3
18458 19258 1169 1489 283173 283493
-3
-3
6201 7001 732 1052 273035 273355
-3
-3
33255 34055 1529 1849 280150 280470
-3
-3
7318 8118 732 1052 273035 273355
-3
-3
30117 30917 1529 1849 280150 280470
-3
-3
34349 35149 1501 1821 279754 280074
-3
-3
30129 30929 1529 1849 280150 280470
-3
-3
32069 32869 1529 1849 280150 280470
-3
-3
26154 26954 1529 1849 280150 280470
-3
-3
14244 15044 1169 1489 283173 283493
-3
-3
20729 21529 702 1022 270995 271315
-3
-3
30605 31405 1529 1849 280150 280470
-3
-3
31518 32318 1529 1849 280150 280470
-3
-3
31645 32445 1529 1849 280150 280470
-3
-3
18290 19090 1168 1488 283173 283493
-3
-3
8741 9541 732 1052 273035 273355
-3
-3
27134 27934 1529 1849 280150 280470
-3
-3
37925 38725 1383 1703 254629 254949
-3
-3
32806 33606 1529 1849 280150 280470
-3
-3
30242 31042 1529 1849 280150 280470
-3
-3
33192 33992 1529 1849 280150 280470
-3
-3
14535 15335 1529 1849 280150 280470
-3
-3
43505 44305 1501 1821 279754 280074
-3
-3
4399 5199 732 1052 273035 273355
-3
-3
12465 13265 1169 1489 283173 283493
-3
-3
16816 17616 1168 1488 283173 283493
-3
-3
1597 2397 732 1052 273035 273355
-3
-3
11354 12154 732 1052 273035 273355
-3
-3
21474 22274 1169 1489 283173 283493
-3
-3
23714 24514 1168 1488 283173 283493
-3
-3
403 1203 732 1052 273035 273355
-3
-3
15052 15852 1168 1488 283173 283493
-3
-3
5035 5835 732 1052 273035 273355
-3
-3
8778 9578 732 1052 273035 273355
-3
-3
42132 42932 1501 1821 279754 280074
-3
-3
35152 35952 1529 1849 280150 280470
-3
-3
43128 43928 1501 1821 279754 280074
-3
-3
27619 28419 702 1022 270995 271315
-3
-3
42341 43141 1501 1821 279754 280074
-3
-3
24640 25440 1529 1849 280150 280470
-3
-3
16984 17784 1169 1489 283173 283493
-3
-3
18428 19228 1169 1489 283173 283493
-3
-3
10603 11403 732 1052 273035 273355
-3
-3
3860 4660 732 1052 273035 273355
-3
-3
25193 25993 702 1022 270995 271315
-3
-3
4013 4813 732 1052 273035 273355
-3
-3
12601 13401 1169 1489 283173 283493
-3
-3
7686 8486 732 1052 273035 273355
-3
-3
17058 17858 1169 1489 283173 283493
-3
-3
766 1566 732 1052 273035 273355
-3
-3
13048 13848 1169 1489 283173 283493
-3
-3
25370 26170 1529 1849 280150 280470
-3
-3
35063 35863 1529 1849 280150 280470
-3
-3
11911 12711 1529 1849 280150 280470
-3
-3
29770 30570 1529 1849 280150 280470
-3
-3
2886 3686 732 1052 273035 273355
-3
-3
28728 29528 1529 1849 280150 280470
-3
-3
31367 32167 1529 1849 280150 280470
-3
-3
14240 15040 1169 1489 283173 283493
-3
