-3
6629 6729 872 912 273175 273215
-3
-3
2650 2750 1330 1370 283492 283532
-3
-3
6424 6524 872 912 273175 273215
-3
-3
21250 21350 842 882 271135 271175
-3
-3
5907 6007 872 912 273175 273215
-3
-3
5303 5403 872 912 273175 273215
-3
-3
41424 41524 1641 1681 279894 279934
-3
-3
10224 10324 872 912 273175 273215
-3
-3
24350 24450 1669 1709 280290 280330
-3
-3
22266 22366 842 882 271135 271175
-3
-3
32192 32292 1669 1709 280290 280330
-3
-3
39396 39496 1669 1709 280290 280330
-3
-3
28962 29062 1669 1709 280290 280330
-3
-3
44163 44263 1641 1681 279894 279934
-3
-3
40690 40790 1641 1681 279894 279934
-3
-3
33494 33594 1669 1709 280290 280330
-3
-3
26528 26628 1669 1709 280290 280330
-3
-3
20567 20667 842 882 271135 271175
-3
-3
24213 24313 1669 1709 280290 280330
-3
-3
40789 40889 1641 1681 279894 279934
-3
-3
482 582 872 912 273175 273215
-3
-3
15044 15144 1309 1349 283313 283353
-3
-3
1410 1510 872 912 273175 273215
-3
-3
3604 3704 1669 1709 280290 280330
-3
-3
13638 13738 1309 1349 283313 283353
-3
-3
33328 33428 1669 1709 280290 280330
-3
-3
24318 24418 1669 1709 280290 280330
-3
-3
25906 26006 1669 1709 280290 280330
-3
-3
39825 39925 1669 1709 280290 280330
-3
-3
20599 20699 1669 1709 280290 280330
-3
-3
17795 17895 1309 1349 283313 283353
-3
-3
21574 21674 1309 1349 283313 283353
-3
-3
23249 23349 842 882 271135 271175
-3
-3
24220 24320 1669 1709 280290 280330
-3
-3
42825 42925 1641 1681 279894 279934
-3
-3
4277 4377 872 912 273175 273215
-3
-3
4643 4743 872 912 273175 273215
-3
-3
14727 14827 1309 1349 283313 283353
-3
-3
14501 14601 1309 1349 283313 283353
-3
-3
28993 29093 1669 1709 280290 280330
-3
-3
36993 37093 1669 1709 280290 280330
-3
-3
21814 21914 842 882 271135 271175
-3
-3
23748 23848 1669 1709 280290 280330
-3
-3
21314 21414 1669 1709 280290 280330
-3
-3
41097 41197 1641 1681 279894 279934
-3
-3
39558 39658 1669 1709 280290 280330
-3
-3
29928 30028 1669 1709 280290 280330
-3
-3
22984 23084 1669 1709 280290 280330
-3
-3
15483 15583 1309 1349 283313 283353
-3
-3
9499 9599 1669 1709 280290 280330
-3
-3
38893 38993 1669 1709 280290 280330
-3
-3
35727 35827 1669 1709 280290 280330
-3
-3
24544 24644 1669 1709 280290 280330
-3
-3
15423 15523 1309 1349 283313 283353
-3
-3
14451 14551 1669 1709 280290 280330
-3
-3
38182 38282 1669 1709 280290 280330
-3
-3
23871 23971 1308 1348 283313 283353
-3
-3
38769 38869 1669 1709 280290 280330
-3
-3
19446 19546 842 882 271135 271175
-3
-3
19054 19154 1309 1349 283313 283353
-3
-3
34488 34588 1669 1709 280290 280330
-3
-3
37241 37341 1669 1709 280290 280330
-3
-3
40629 40729 1641 1681 279894 279934
-3
-3
32858 32958 1669 1709 280290 280330
-3
-3
36581 36681 1669 1709 280290 280330
-3
-3
13932 14032 1669 1709 280290 280330
-3
-3
37135 37235 1669 1709 280290 280330
-3
-3
41224 41324 1641 1681 279894 279934
-3
-3
28659 28759 1669 1709 280290 280330
-3
-3
26756 26856 1669 1709 280290 280330
-3
-3
696 796 872 912 273175 273215
-3
-3
40773 40873 1641 1681 279894 279934
-3
-3
23690 23790 1669 1709 280290 280330
-3
-3
44206 44306 1641 1681 279894 279934
-3
-3
17445 17545 1309 1349 283313 283353
-3
-3
20146 20246 842 882 271135 271175
-3
-3
39122 39222 1669 1709 280290 280330
-3
-3
2731 2831 872 912 273175 273215
-3
-3
18250 18350 1309 1349 283313 283353
-3
-3
29725 29825 1669 1709 280290 280330
-3
-3
31992 32092 1669 1709 280290 280330
-3
-3
32263 32363 1669 1709 280290 280330
-3
-3
20810 20910 842 882 271135 271175
-3
-3
11894 11994 1669 1709 280290 280330
-3
-3
3045 3145 872 912 273175 273215
-3
-3
10381 10481 872 912 273175 273215
-3
-3
25196 25296 842 882 271135 271175
-3
-3
2036 2136 872 912 273175 273215
-3
-3
24270 24370 1669 1709 280290 280330
-3
-3
19762 19862 842 882 271135 271175
-3
-3
21091 21191 842 882 271135 271175
-3
-3
14116 14216 1309 1349 283313 283353
-3
-3
32124 32224 1669 1709 280290 280330
-3
-3
36840 36940 1669 1709 280290 280330
-3
-3
2332 2432 1669 1709 280290 280330
-3
-3
24063 24163 1309 1349 283313 283353
-3
-3
6130 6230 872 912 273175 273215
-3
-3
14587 14687 1669 1709 280290 280330
-3
-3
40408 40508 1641 1681 279894 279934
-3
-3
9909 10009 872 912 273175 273215
-3
-3
41344 41444 1641 1681 279894 279934
-3
-3
41104 41204 1641 1681 279894 279934
-3
-3
6040 6140 872 912 273175 273215
-3
-3
40154 40254 1641 1681 279894 279934
-3
-3
40668 40768 1641 1681 279894 279934
-3
-3
43247 43347 1641 1681 279894 279934
-3
-3
15658 15758 1309 1349 283313 283353
-3
-3
35148 35248 1669 1709 280290 280330
-3
-3
21098 21198 842 882 271135 271175
-3
-3
9028 9128 872 912 273175 273215
-3
-3
20231 20331 842 882 271135 271175
-3
-3
8449 8549 872 912 273175 273215
-3
-3
41292 41392 1641 1681 279894 279934
-3
-3
16161 16261 1309 1349 283313 283353
-3
-3
20343 20443 842 882 271135 271175
-3
-3
19457 19557 1309 1349 283313 283353
-3
-3
26542 26642 1669 1709 280290 280330
-3
-3
20660 20760 842 882 271135 271175
-3
-3
21493 21593 1669 1709 280290 280330
-3
-3
6170 6270 872 912 273175 273215
-3
-3
40422 40522 1641 1681 279894 279934
-3
-3
42584 42684 1641 1681 279894 279934
-3
-3
40048 40148 1669 1709 280290 280330
-3
-3
27904 28004 1669 1709 280290 280330
-3
-3
9902 10002 872 912 273175 273215
-3
-3
42381 42481 1641 1681 279894 279934
-3
-3
7326 7426 872 912 273175 273215
-3
-3
16032 16132 1669 1709 280290 280330
-3
-3
12326 12426 1309 1349 283313 283353
-3
-3
22854 22954 842 882 271135 271175
-3
-3
1062 1162 872 912 273175 273215
-3
-3
28790 28890 1669 1709 280290 280330
-3
-3
19316 19416 1669 1709 280290 280330
-3
-3
7102 7202 872 912 273175 273215
-3
-3
24303 24403 1669 1709 280290 280330
-3
-3
15342 15442 1309 1349 283313 283353
-3
-3
25470 25570 1669 1709 280290 280330
-3
-3
15081 15181 1309 1349 283313 283353
-3
-3
25610 25710 842 882 271135 271175
-3
-3
1926 2026 872 912 273175 273215
-3
-3
24110 24210 1669 1709 280290 280330
-3
-3
20961 21061 842 882 271135 271175
-3
-3
10375 10475 872 912 273175 273215
-3
-3
20760 20860 842 882 271135 271175
-3
-3
37122 37222 1669 1709 280290 280330
-3
-3
5839 5939 872 912 273175 273215
-3
-3
40217 40317 1641 1681 279894 279934
-3
-3
38784 38884 1669 1709 280290 280330
-3
-3
26499 26599 1669 1709 280290 280330
-3
-3
36830 36930 1669 1709 280290 280330
-3
-3
312 412 872 912 273175 273215
-3
-3
22279 22379 842 882 271135 271175
-3
-3
9893 9993 872 912 273175 273215
-3
-3
15480 15580 1309 1349 283313 283353
-3
-3
25304 25404 842 882 271135 271175
-3
-3
19795 19895 842 882 271135 271175
-3
-3
13219 13319 1309 1349 283313 283353
-3
-3
32630 32730 1669 1709 280290 280330
-3
-3
10948 11048 1309 1349 283313 283353
-3
-3
25546 25646 1669 1709 280290 280330
-3
-3
10842 10942 1669 1709 280290 280330
-3
-3
12010 12110 1309 1349 283313 283353
-3
-3
29456 29556 1669 1709 280290 280330
-3
-3
5278 5378 872 912 273175 273215
-3
-3
38874 38974 1669 1709 280290 280330
-3
-3
9117 9217 872 912 273175 273215
-3
-3
20620 20720 1309 1349 283313 283353
-3
-3
19702 19802 842 882 271135 271175
-3
-3
43961 44061 1641 1681 279894 279934
-3
-3
21350 21450 1669 1709 280290 280330
-3
-3
41391 41491 1641 1681 279894 279934
-3
-3
23429 23529 1309 1349 283313 283353
-3
-3
42311 42411 1641 1681 279894 279934
-3
-3
7124 7224 872 912 273175 273215
-3
-3
19309 19409 1309 1349 283313 283353
-3
-3
34791 34891 1669 1709 280290 280330
-3
-3
32725 32825 1669 1709 280290 280330
-3
-3
34646 34746 1669 1709 280290 280330
-3
-3
28933 29033 1669 1709 280290 280330
-3
-3
34344 34444 1641 1681 279894 279934
-3
-3
26834 26934 1669 1709 280290 280330
-3
-3
4365 4465 872 912 273175 273215
-3
-3
31744 31844 1669 1709 280290 280330
-3
-3
36727 36827 1669 1709 280290 280330
-3
-3
39607 39707 1669 1709 280290 280330
-3
-3
12406 12506 1669 1709 280290 280330
-3
-3
31643 31743 1669 1709 280290 280330
-3
-3
8185 8285 872 912 273175 273215
-3
-3
20156 20256 842 882 271135 271175
-3
-3
42591 42691 1641 1681 279894 279934
-3
-3
8851 8951 872 912 273175 273215
-3
-3
30998 31098 1669 1709 280290 280330
-3
-3
29721 29821 1669 1709 280290 280330
-3
-3
38307 38407 1669 1709 280290 280330
-3
-3
11396 11496 872 912 273175 273215
-3
-3
43715 43815 1641 1681 279894 279934
-3
-3
22545 22645 842 882 271135 271175
-3
-3
7136 7236 872 912 273175 273215
-3
-3
38538 38638 1669 1709 280290 280330
-3
-3
21864 21964 842 882 271135 271175
-3
-3
28486 28586 1669 1709 280290 280330
-3
-3
35287 35387 1669 1709 280290 280330
-3
-3
20413 20513 1669 1709 280290 280330
-3
-3
26155 26255 1669 1709 280290 280330
-3
-3
42411 42511 1641 1681 279894 279934
-3
-3
39722 39822 1669 1709 280290 280330
-3
-3
36066 36166 1669 1709 280290 280330
-3
-3
5615 5715 872 912 273175 273215
-3
-3
29726 29826 1669 1709 280290 280330
-3
-3
40119 40219 1641 1681 279894 279934
-3
-3
39959 40059 1669 1709 280290 280330
-3
-3
31680 31780 1669 1709 280290 280330
-3
-3
19604 19704 1309 1349 283313 283353
-3
-3
27061 27161 842 882 271135 271175
-3
-3
43528 43628 1641 1681 279894 279934
-3
-3
14569 14669 1669 1709 280290 280330
-3
-3
39467 39567 1669 1709 280290 280330
-3
-3
30529 30629 1669 1709 280290 280330
-3
-3
22754 22854 842 882 271135 271175
-3
-3
14981 15081 1309 1349 283313 283353
-3
-3
3598 3698 872 912 273175 273215
-3
-3
6725 6825 872 912 273175 273215
-3
-3
21099 21199 842 882 271135 271175
-3
-3
33319 33419 1669 1709 280290 280330
-3
-3
20153 20253 842 882 271135 271175
-3
-3
32495 32595 1669 1709 280290 280330
-3
-3
7512 7612 872 912 273175 273215
-3
-3
42698 42798 1641 1681 279894 279934
-3
-3
39631 39731 1669 1709 280290 280330
-3
-3
1408 1508 872 912 273175 273215
-3
-3
39682 39782 1669 1709 280290 280330
-3
-3
43237 43337 1641 1681 279894 279934
-3
-3
36695 36795 1669 1709 280290 280330
-3
-3
35215 35315 1669 1709 280290 280330
-3
-3
24750 24850 1669 1709 280290 280330
-3
-3
9585 9685 872 912 273175 273215
-3
-3
5415 5515 872 912 273175 273215
-3
-3
35936 36036 1669 1709 280290 280330
-3
-3
15200 15300 1309 1349 283313 283353
-3
-3
10261 10361 872 912 273175 273215
-3
-3
31413 31513 1669 1709 280290 280330
-3
-3
10517 10617 872 912 273175 273215
-3
-3
41941 42041 1641 1681 279894 279934
-3
-3
6375 6475 872 912 273175 273215
-3
-3
12699 12799 1309 1349 283313 283353
-3
-3
40827 40927 1641 1681 279894 279934
-3
-3
20945 21045 842 882 271135 271175
-3
-3
7524 7624 872 912 273175 273215
-3
-3
1834 1934 872 912 273175 273215
-3
-3
18819 18919 1669 1709 280290 280330
-3
-3
42268 42368 1641 1681 279894 279934
-3
-3
5432 5532 872 912 273175 273215
-3
-3
25545 25645 1669 1709 280290 280330
-3
-3
18725 18825 1669 1709 280290 280330
-3
-3
13871 13971 1309 1349 283313 283353
-3
-3
20818 20918 842 882 271135 271175
-3
-3
26341 26441 1669 1709 280290 280330
-3
-3
21384 21484 1669 1709 280290 280330
-3
-3
18874 18974 1669 1709 280290 280330
-3
-3
41092 41192 1641 1681 279894 279934
-3
-3
22792 22892 842 882 271135 271175
-3
-3
33676 33776 1669 1709 280290 280330
-3
-3
39688 39788 1669 1709 280290 280330
-3
-3
34608 34708 1669 1709 280290 280330
-3
-3
44011 44111 1641 1681 279894 279934
-3
-3
39558 39658 1669 1709 280290 280330
-3
-3
44193 44293 1641 1681 279894 279934
-3
-3
4784 4884 872 912 273175 273215
-3
-3
30853 30953 1669 1709 280290 280330
-3
-3
14751 14851 1309 1349 283313 283353
-3
-3
15045 15145 1309 1349 283313 283353
-3
-3
17624 17724 1309 1349 283313 283353
-3
-3
388 488 872 912 273175 273215
-3
-3
12344 12444 1669 1709 280290 280330
-3
-3
43762 43862 1641 1681 279894 279934
-3
-3
13087 13187 1309 1349 283313 283353
-3
-3
28292 28392 1669 1709 280290 280330
-3
-3
39827 39927 1669 1709 280290 280330
-3
-3
40374 40474 1641 1681 279894 279934
-3
-3
30126 30226 1669 1709 280290 280330
-3
-3
33766 33866 1669 1709 280290 280330
-3
-3
35559 35659 1669 1709 280290 280330
-3
-3
14669 14769 1669 1709 280290 280330
-3
-3
31845 31945 1669 1709 280290 280330
-3
-3
4788 4888 872 912 273175 273215
-3
-3
10607 10707 872 912 273175 273215
-3
-3
13544 13644 1309 1349 283313 283353
-3
-3
1292 1392 872 912 273175 273215
-3
-3
29481 29581 1669 1709 280290 280330
-3
-3
9995 10095 872 912 273175 273215
-3
-3
43847 43947 1641 1681 279894 279934
-3
-3
38277 38377 1669 1709 280290 280330
-3
-3
24803 24903 1669 1709 280290 280330
-3
-3
33813 33913 1669 1709 280290 280330
-3
-3
37646 37746 1669 1709 280290 280330
-3
-3
19719 19819 842 882 271135 271175
-3
-3
8484 8584 872 912 273175 273215
-3
-3
17550 17650 1309 1349 283313 283353
-3
-3
25692 25792 842 882 271135 271175
-3
-3
42997 43097 1641 1681 279894 279934
-3
-3
32595 32695 1669 1709 280290 280330
-3
-3
43317 43417 1641 1681 279894 279934
-3
-3
18505 18605 1308 1348 283313 283353
-3
-3
20060 20160 842 882 271135 271175
-3
-3
17557 17657 1309 1349 283313 283353
-3
-3
31593 31693 1669 1709 280290 280330
-3
-3
3710 3810 1669 1709 280290 280330
-3
-3
12742 12842 1309 1349 283313 283353
-3
-3
2445 2545 872 912 273175 273215
-3
-3
8956 9056 872 912 273175 273215
-3
-3
1866 1966 872 912 273175 273215
-3
-3
40445 40545 1641 1681 279894 279934
-3
-3
44515 44615 1627 1667 279919 279959
-3
-3
36298 36398 1669 1709 280290 280330
-3
-3
27648 27748 1669 1709 280290 280330
-3
-3
24424 24524 1669 1709 280290 280330
-3
-3
2263 2363 1669 1709 280290 280330
-3
-3
41193 41293 1641 1681 279894 279934
-3
-3
836 936 872 912 273175 273215
-3
-3
6865 6965 872 912 273175 273215
-3
-3
26308 26408 1669 1709 280290 280330
-3
-3
41 141 872 912 273175 273215
-3
-3
20262 20362 842 882 271135 271175
-3
-3
26231 26331 1669 1709 280290 280330
-3
-3
8974 9074 872 912 273175 273215
-3
-3
13267 13367 1669 1709 280290 280330
-3
-3
1308 1408 872 912 273175 273215
-3
-3
17458 17558 1309 1349 283313 283353
-3
-3
30817 30917 1669 1709 280290 280330
-3
-3
27001 27101 842 882 271135 271175
-3
-3
15813 15913 1309 1349 283313 283353
-3
-3
38533 38633 1669 1709 280290 280330
-3
-3
796 896 872 912 273175 273215
-3
-3
34319 34419 1669 1709 280290 280330
-3
-3
13951 14051 1309 1349 283313 283353
-3
-3
18353 18453 1309 1349 283313 283353
-3
-3
41032 41132 1641 1681 279894 279934
-3
-3
37423 37523 1669 1709 280290 280330
-3
-3
6215 6315 872 912 273175 273215
-3
-3
43477 43577 1641 1681 279894 279934
-3
-3
1737 1837 872 912 273175 273215
-3
-3
8081 8181 872 912 273175 273215
-3
-3
14400 14500 1669 1709 280290 280330
-3
-3
1611 1711 872 912 273175 273215
-3
-3
19499 19599 1309 1349 283313 283353
-3
-3
42048 42148 1641 1681 279894 279934
-3
-3
1155 1255 872 912 273175 273215
-3
-3
21763 21863 842 882 271135 271175
-3
-3
13719 13819 1309 1349 283313 283353
-3
-3
1991 2091 872 912 273175 273215
-3
-3
3748 3848 872 912 273175 273215
-3
-3
15147 15247 1309 1349 283313 283353
-3
-3
21795 21895 842 882 271135 271175
-3
-3
24010 24110 1309 1349 283313 283353
-3
-3
41378 41478 1641 1681 279894 279934
-3
-3
30769 30869 1669 1709 280290 280330
-3
-3
37277 37377 1669 1709 280290 280330
-3
-3
17807 17907 1669 1709 280290 280330
-3
-3
3586 3686 872 912 273175 273215
-3
-3
43215 43315 1641 1681 279894 279934
-3
-3
19928 20028 842 882 271135 271175
-3
-3
39161 39261 1669 1709 280290 280330
-3
-3
12226 12326 1669 1709 280290 280330
-3
-3
40486 40586 1641 1681 279894 279934
-3
-3
3958 4058 872 912 273175 273215
-3
-3
26177 26277 1669 1709 280290 280330
-3
-3
14197 14297 1669 1709 280290 280330
-3
-3
20110 20210 842 882 271135 271175
-3
-3
18958 19058 1309 1349 283313 283353
-3
-3
40174 40274 1641 1681 279894 279934
-3
-3
18945 19045 1669 1709 280290 280330
-3
-3
20695 20795 842 882 271135 271175
-3
-3
23375 23475 1309 1349 283313 283353
-3
-3
8465 8565 872 912 273175 273215
-3
-3
42068 42168 1641 1681 279894 279934
-3
-3
42875 42975 1641 1681 279894 279934
-3
-3
5872 5972 872 912 273175 273215
-3
-3
18343 18443 1309 1349 283313 283353
-3
-3
19996 20096 842 882 271135 271175
-3
-3
39353 39453 1669 1709 280290 280330
-3
-3
20335 20435 842 882 271135 271175
-3
-3
43506 43606 1641 1681 279894 279934
-3
-3
9859 9959 872 912 273175 273215
-3
-3
42130 42230 1641 1681 279894 279934
-3
-3
22874 22974 1309 1349 283313 283353
-3
-3
26357 26457 1669 1709 280290 280330
-3
-3
3377 3477 872 912 273175 273215
-3
-3
35272 35372 1669 1709 280290 280330
-3
-3
44164 44264 1641 1681 279894 279934
-3
-3
6963 7063 872 912 273175 273215
-3
-3
33845 33945 1669 1709 280290 280330
-3
-3
39212 39312 1669 1709 280290 280330
-3
-3
21245 21345 842 882 271135 271175
-3
-3
21191 21291 842 882 271135 271175
-3
-3
35056 35156 1669 1709 280290 280330
-3
-3
323 423 872 912 273175 273215
-3
-3
2726 2826 872 912 273175 273215
-3
-3
24373 24473 1669 1709 280290 280330
-3
-3
20434 20534 842 882 271135 271175
-3
-3
41446 41546 1641 1681 279894 279934
-3
-3
19905 20005 842 882 271135 271175
-3
-3
14499 14599 1308 1348 283313 283353
-3
-3
37261 37361 1669 1709 280290 280330
-3
-3
43281 43381 1641 1681 279894 279934
-3
-3
22965 23065 1669 1709 280290 280330
-3
-3
9808 9908 872 912 273175 273215
-3
-3
41514 41614 1641 1681 279894 279934
-3
-3
3957 4057 872 912 273175 273215
-3
-3
28151 28251 1669 1709 280290 280330
-3
-3
36630 36730 854 894 271143 271183
-3
-3
43310 43410 1641 1681 279894 279934
-3
-3
23606 23706 1669 1709 280290 280330
-3
-3
35494 35594 1669 1709 280290 280330
-3
-3
28289 28389 1669 1709 280290 280330
-3
-3
40856 40956 1641 1681 279894 279934
-3
-3
13726 13826 1669 1709 280290 280330
-3
-3
10005 10105 872 912 273175 273215
-3
-3
44234 44334 1641 1681 279894 279934
-3
-3
24118 24218 866 906 273202 273242
-3
-3
29289 29389 1669 1709 280290 280330
-3
-3
26317 26417 1669 1709 280290 280330
-3
-3
13321 13421 1669 1709 280290 280330
-3
-3
23860 23960 1308 1348 283313 283353
-3
-3
2920 3020 872 912 273175 273215
-3
-3
34512 34612 1669 1709 280290 280330
-3
-3
14274 14374 1309 1349 283313 283353
-3
-3
23006 23106 1309 1349 283313 283353
-3
-3
12358 12458 1669 1709 280290 280330
-3
-3
13768 13868 1669 1709 280290 280330
-3
-3
43440 43540 1641 1681 279894 279934
-3
-3
28924 29024 1669 1709 280290 280330
-3
-3
33673 33773 1669 1709 280290 280330
-3
-3
13297 13397 1308 1348 283313 283353
-3
-3
21544 21644 842 882 271135 271175
-3
-3
7432 7532 872 912 273175 273215
-3
-3
11382 11482 872 912 273175 273215
-3
-3
31352 31452 1669 1709 280290 280330
-3
-3
24066 24166 1309 1349 283313 283353
-3
-3
15339 15439 1309 1349 283313 283353
-3
-3
34623 34723 1669 1709 280290 280330
-3
-3
35816 35916 830 870 271146 271186
-3
-3
33770 33870 1669 1709 280290 280330
-3
-3
13588 13688 1309 1349 283313 283353
-3
-3
26668 26768 1669 1709 280290 280330
-3
-3
17417 17517 1308 1348 283313 283353
-3
-3
9802 9902 1669 1709 280290 280330
-3
-3
15515 15615 1309 1349 283313 283353
-3
-3
2542 2642 1309 1349 283313 283353
-3
-3
9394 9494 1669 1709 280290 280330
-3
-3
39633 39733 1669 1709 280290 280330
-3
-3
6952 7052 872 912 273175 273215
-3
-3
10832 10932 1669 1709 280290 280330
-3
-3
28075 28175 1669 1709 280290 280330
-3
-3
30812 30912 1669 1709 280290 280330
-3
-3
33514 33614 1669 1709 280290 280330
-3
-3
20206 20306 842 882 271135 271175
-3
-3
11878 11978 1309 1349 283313 283353
-3
-3
25186 25286 842 882 271135 271175
-3
-3
33974 34074 1669 1709 280290 280330
-3
-3
10676 10776 872 912 273175 273215
-3
-3
9468 9568 1669 1709 280290 280330
-3
-3
42768 42868 1641 1681 279894 279934
-3
-3
43736 43836 1641 1681 279894 279934
-3
-3
6132 6232 872 912 273175 273215
-3
-3
5558 5658 872 912 273175 273215
-3
-3
10476 10576 872 912 273175 273215
-3
-3
12604 12704 1309 1349 283313 283353
-3
-3
29625 29725 1669 1709 280290 280330
-3
-3
936 1036 872 912 273175 273215
-3
-3
2586 2686 1669 1709 280290 280330
-3
-3
20799 20899 842 882 271135 271175
-3
-3
34706 34806 1669 1709 280290 280330
-3
-3
16174 16274 1309 1349 283313 283353
-3
-3
22588 22688 1669 1709 280290 280330
-3
-3
27243 27343 1669 1709 280290 280330
-3
-3
1096 1196 872 912 273175 273215
-3
-3
13223 13323 1669 1709 280290 280330
-3
-3
4906 5006 872 912 273175 273215
-3
-3
30253 30353 1669 1709 280290 280330
-3
-3
27976 28076 1669 1709 280290 280330
-3
-3
11858 11958 1309 1349 283313 283353
-3
-3
41085 41185 1641 1681 279894 279934
-3
-3
31171 31271 1669 1709 280290 280330
-3
-3
17790 17890 1309 1349 283313 283353
-3
-3
29957 30057 1669 1709 280290 280330
-3
-3
43999 44099 1641 1681 279894 279934
-3
-3
13116 13216 1309 1349 283313 283353
-3
-3
41836 41936 1641 1681 279894 279934
-3
-3
24543 24643 1669 1709 280290 280330
-3
-3
22211 22311 842 882 271135 271175
-3
-3
27632 27732 1669 1709 280290 280330
-3
-3
9131 9231 872 912 273175 273215
-3
-3
20337 20437 842 882 271135 271175
-3
-3
26726 26826 1669 1709 280290 280330
-3
-3
15264 15364 1309 1349 283313 283353
-3
-3
1015 1115 872 912 273175 273215
-3
-3
12323 12423 1309 1349 283313 283353
-3
-3
27868 27968 1669 1709 280290 280330
-3
-3
5760 5860 872 912 273175 273215
-3
-3
33021 33121 1669 1709 280290 280330
-3
-3
30454 30554 1669 1709 280290 280330
-3
-3
26560 26660 1669 1709 280290 280330
-3
-3
42847 42947 1641 1681 279894 279934
-3
-3
21748 21848 842 882 271135 271175
-3
-3
24268 24368 1669 1709 280290 280330
-3
-3
25448 25548 1669 1709 280290 280330
-3
-3
42607 42707 1641 1681 279894 279934
-3
-3
12611 12711 1669 1709 280290 280330
-3
-3
5474 5574 872 912 273175 273215
-3
-3
3338 3438 872 912 273175 273215
-3
-3
40587 40687 1641 1681 279894 279934
-3
-3
37094 37194 1669 1709 280290 280330
-3
-3
44423 44523 1641 1681 279894 279934
-3
-3
2237 2337 866 906 273202 273242
-3
-3
30004 30104 1669 1709 280290 280330
-3
-3
4858 4958 872 912 273175 273215
-3
-3
1594 1694 872 912 273175 273215
-3
-3
43121 43221 1641 1681 279894 279934
-3
-3
21814 21914 842 882 271135 271175
-3
-3
1257 1357 872 912 273175 273215
-3
-3
40452 40552 1641 1681 279894 279934
-3
-3
4805 4905 872 912 273175 273215
-3
-3
10388 10488 872 912 273175 273215
-3
-3
16147 16247 1669 1709 280290 280330
-3
-3
6651 6751 872 912 273175 273215
-3
-3
25652 25752 1627 1667 279919 279959
-3
-3
36924 37024 1669 1709 280290 280330
-3
-3
38736 38836 1669 1709 280290 280330
-3
-3
28641 28741 1669 1709 280290 280330
-3
-3
42685 42785 1641 1681 279894 279934
-3
-3
27115 27215 1669 1709 280290 280330
-3
-3
34215 34315 1669 1709 280290 280330
-3
-3
44365 44465 1641 1681 279894 279934
-3
-3
25320 25420 1669 1709 280290 280330
-3
-3
31084 31184 1669 1709 280290 280330
-3
-3
23991 24091 1309 1349 283313 283353
-3
-3
25889 25989 1669 1709 280290 280330
-3
-3
29049 29149 1669 1709 280290 280330
-3
-3
11722 11822 1309 1349 283313 283353
-3
-3
6483 6583 872 912 273175 273215
-3
-3
32387 32487 1669 1709 280290 280330
-3
-3
7667 7767 872 912 273175 273215
-3
-3
43578 43678 1641 1681 279894 279934
-3
-3
7288 7388 872 912 273175 273215
-3
-3
29666 29766 1669 1709 280290 280330
-3
-3
28940 29040 1669 1709 280290 280330
-3
-3
31908 32008 1669 1709 280290 280330
-3
-3
31260 31360 1669 1709 280290 280330
-3
-3
2539 2639 1669 1709 280290 280330
-3
-3
28843 28943 1669 1709 280290 280330
-3
-3
32517 32617 1669 1709 280290 280330
-3
-3
42991 43091 1641 1681 279894 279934
-3
-3
8768 8868 872 912 273175 273215
-3
-3
42906 43006 1641 1681 279894 279934
-3
-3
34258 34358 1669 1709 280290 280330
-3
-3
35181 35281 1669 1709 280290 280330
-3
-3
43678 43778 1641 1681 279894 279934
-3
-3
26541 26641 1669 1709 280290 280330
-3
-3
29276 29376 1669 1709 280290 280330
-3
-3
27677 27777 1669 1709 280290 280330
-3
-3
44346 44446 1641 1681 279894 279934
-3
-3
11749 11849 1309 1349 283313 283353
-3
-3
17251 17351 1309 1349 283313 283353
-3
-3
44069 44169 1641 1681 279894 279934
-3
-3
12190 12290 1309 1349 283313 283353
-3
-3
3693 3793 1309 1349 283313 283353
-3
-3
43180 43280 1641 1681 279894 279934
-3
-3
38079 38179 1523 1563 254769 254809
-3
-3
7862 7962 872 912 273175 273215
-3
-3
10260 10360 872 912 273175 273215
-3
-3
44562 44642 1627 1667 279920 279960
-3
-3
15369 15469 1309 1349 283313 283353
-3
-3
18618 18718 1309 1349 283313 283353
-3
-3
42419 42519 1641 1681 279894 279934
-3
-3
22714 22814 842 882 271135 271175
-3
-3
22679 22779 842 882 271135 271175
-3
-3
4805 4905 872 912 273175 273215
-3
-3
9332 9432 872 912 273175 273215
-3
-3
25218 25318 842 882 271135 271175
-3
-3
33648 33748 1669 1709 280290 280330
-3
-3
16970 17070 1309 1349 283313 283353
-3
-3
43330 43430 1641 1681 279894 279934
-3
-3
42416 42516 1641 1681 279894 279934
-3
-3
34996 35096 1669 1709 280290 280330
-3
-3
8066 8166 872 912 273175 273215
-3
-3
32956 33056 1669 1709 280290 280330
-3
-3
34032 34132 1669 1709 280290 280330
-3
-3
9727 9827 872 912 273175 273215
-3
-3
17590 17690 1309 1349 283313 283353
-3
-3
36830 36930 1669 1709 280290 280330
-3
-3
9431 9531 1669 1709 280290 280330
-3
-3
4459 4559 872 912 273175 273215
-3
-3
29201 29301 1669 1709 280290 280330
-3
-3
28620 28720 1669 1709 280290 280330
-3
-3
36411 36511 1669 1709 280290 280330
-3
-3
8014 8114 872 912 273175 273215
-3
-3
27158 27258 1669 1709 280290 280330
-3
-3
4968 5068 872 912 273175 273215
-3
-3
15876 15976 1309 1349 283313 283353
-3
-3
37418 37518 1669 1709 280290 280330
-3
-3
4889 4989 872 912 273175 273215
-3
-3
6365 6465 872 912 273175 273215
-3
-3
5586 5686 872 912 273175 273215
-3
-3
43269 43369 1641 1681 279894 279934
-3
-3
4142 4242 872 912 273175 273215
-3
-3
28300 28400 1669 1709 280290 280330
-3
-3
21306 21406 1669 1709 280290 280330
-3
-3
8947 9047 872 912 273175 273215
-3
-3
12752 12852 1309 1349 283313 283353
-3
-3
21645 21745 1669 1709 280290 280330
-3
-3
42596 42696 1641 1681 279894 279934
-3
-3
4842 4942 872 912 273175 273215
-3
-3
40095 40195 1641 1681 279894 279934
-3
-3
15490 15590 1309 1349 283313 283353
-3
-3
39838 39938 1669 1709 280290 280330
-3
-3
3519 3619 872 912 273175 273215
-3
-3
23566 23666 1308 1348 283313 283353
-3
-3
4349 4449 872 912 273175 273215
-3
-3
13247 13347 1309 1349 283313 283353
-3
-3
16276 16376 1669 1709 280290 280330
-3
-3
41179 41279 1641 1681 279894 279934
-3
-3
42440 42540 1641 1681 279894 279934
-3
-3
20736 20836 842 882 271135 271175
-3
-3
858 958 872 912 273175 273215
-3
-3
26419 26519 1669 1709 280290 280330
-3
-3
32267 32367 1669 1709 280290 280330
-3
-3
8872 8972 872 912 273175 273215
-3
-3
8935 9035 872 912 273175 273215
-3
-3
37236 37336 1669 1709 280290 280330
-3
-3
44510 44610 1627 1667 279920 279960
-3
-3
21474 21574 1309 1349 283313 283353
-3
-3
17245 17345 1669 1709 280290 280330
-3
-3
6233 6333 872 912 273175 273215
-3
-3
27060 27160 842 882 271135 271175
-3
-3
15872 15972 1309 1349 283313 283353
-3
-3
30137 30237 1669 1709 280290 280330
-3
-3
10718 10818 872 912 273175 273215
-3
-3
12299 12399 1669 1709 280290 280330
-3
-3
39084 39184 1669 1709 280290 280330
-3
-3
43232 43332 1641 1681 279894 279934
-3
-3
9064 9164 872 912 273175 273215
-3
-3
12158 12258 1309 1349 283313 283353
-3
-3
3433 3533 872 912 273175 273215
-3
-3
4517 4617 872 912 273175 273215
-3
-3
2769 2869 872 912 273175 273215
-3
-3
43271 43371 1641 1681 279894 279934
-3
-3
8036 8136 872 912 273175 273215
-3
-3
26335 26435 1669 1709 280290 280330
-3
-3
2978 3078 872 912 273175 273215
-3
-3
41045 41145 1641 1681 279894 279934
-3
-3
42612 42712 1641 1681 279894 279934
-3
-3
19277 19377 1309 1349 283313 283353
-3
-3
38844 38944 1669 1709 280290 280330
-3
-3
38468 38568 1669 1709 280290 280330
-3
-3
20135 20235 842 882 271135 271175
-3
-3
20621 20721 1309 1349 283313 283353
-3
-3
26093 26193 1669 1709 280290 280330
-3
-3
4127 4227 1669 1709 280290 280330
-3
-3
4676 4776 872 912 273175 273215
-3
-3
18687 18787 1309 1349 283313 283353
-3
-3
3995 4095 872 912 273175 273215
-3
-3
26150 26250 1669 1709 280290 280330
-3
-3
35932 36032 1669 1709 280290 280330
-3
-3
10228 10328 872 912 273175 273215
-3
-3
28330 28430 1669 1709 280290 280330
-3
-3
26925 27025 1669 1709 280290 280330
-3
-3
40365 40465 1641 1681 279894 279934
-3
-3
39048 39148 1669 1709 280290 280330
-3
-3
39224 39324 1669 1709 280290 280330
-3
-3
9928 10028 872 912 273175 273215
-3
-3
12759 12859 1309 1349 283313 283353
-3
-3
3646 3746 1309 1349 283313 283353
-3
-3
41848 41948 1641 1681 279894 279934
-3
-3
16192 16292 1669 1709 280290 280330
-3
-3
27925 28025 1669 1709 280290 280330
-3
-3
44617 44642 1627 1667 279920 279960
-3
-3
14821 14921 1669 1709 280290 280330
-3
-3
35961 36061 1669 1709 280290 280330
-3
-3
1431 1531 872 912 273175 273215
-3
-3
37562 37662 1669 1709 280290 280330
-3
-3
7485 7585 872 912 273175 273215
-3
-3
19163 19263 1309 1349 283313 283353
-3
-3
31959 32059 1669 1709 280290 280330
-3
-3
21449 21549 842 882 271135 271175
-3
-3
12989 13089 1669 1709 280290 280330
-3
-3
27215 27315 842 882 271135 271175
-3
-3
17190 17290 1309 1349 283313 283353
-3
-3
14202 14302 1308 1348 283313 283353
-3
-3
31342 31442 1669 1709 280290 280330
-3
-3
21866 21966 842 882 271135 271175
-3
-3
8010 8110 872 912 273175 273215
-3
-3
35338 35438 1669 1709 280290 280330
-3
-3
23137 23237 1308 1348 283313 283353
-3
-3
19062 19162 1669 1709 280290 280330
-3
-3
20686 20786 842 882 271135 271175
-3
-3
6825 6925 872 912 273175 273215
-3
-3
1345 1445 872 912 273175 273215
-3
-3
36172 36272 1669 1709 280290 280330
-3
-3
20994 21094 842 882 271135 271175
-3
-3
15689 15789 1309 1349 283313 283353
-3
-3
1458 1558 872 912 273175 273215
-3
-3
33753 33853 1669 1709 280290 280330
-3
-3
39097 39197 1669 1709 280290 280330
-3
-3
43306 43406 1641 1681 279894 279934
-3
-3
25065 25165 1669 1709 280290 280330
-3
-3
22380 22480 842 882 271135 271175
-3
-3
18402 18502 1669 1709 280290 280330
-3
-3
39886 39986 1669 1709 280290 280330
-3
-3
33462 33562 1669 1709 280290 280330
-3
-3
19833 19933 842 882 271135 271175
-3
-3
7926 8026 872 912 273175 273215
-3
-3
16067 16167 1309 1349 283313 283353
-3
-3
38996 39096 1669 1709 280290 280330
-3
-3
39886 39986 1669 1709 280290 280330
-3
-3
37516 37616 1669 1709 280290 280330
-3
-3
27105 27205 1669 1709 280290 280330
-3
-3
22459 22559 842 882 271135 271175
-3
-3
10064 10164 872 912 273175 273215
-3
-3
16427 16527 1309 1349 283313 283353
-3
-3
9159 9259 872 912 273175 273215
-3
-3
7050 7150 872 912 273175 273215
-3
-3
24437 24537 1669 1709 280290 280330
-3
-3
19617 19717 1309 1349 283313 283353
-3
-3
5307 5407 872 912 273175 273215
-3
-3
18620 18720 1309 1349 283313 283353
-3
-3
40304 40404 1641 1681 279894 279934
-3
-3
12133 12233 1669 1709 280290 280330
-3
-3
39727 39827 1669 1709 280290 280330
-3
-3
31834 31934 1669 1709 280290 280330
-3
-3
8247 8347 872 912 273175 273215
-3
-3
10775 10875 872 912 273175 273215
-3
-3
8412 8512 872 912 273175 273215
-3
-3
17120 17220 1309 1349 283313 283353
-3
-3
24992 25092 1669 1709 280290 280330
-3
-3
26838 26938 1669 1709 280290 280330
-3
-3
42185 42285 1641 1681 279894 279934
-3
-3
22493 22593 842 882 271135 271175
-3
-3
598 698 872 912 273175 273215
-3
-3
12549 12649 1309 1349 283313 283353
-3
-3
31075 31175 1669 1709 280290 280330
-3
-3
40193 40293 1641 1681 279894 279934
-3
-3
20476 20576 842 882 271135 271175
-3
-3
2500 2600 1309 1349 283313 283353
-3
-3
9667 9767 872 912 273175 273215
-3
-3
35482 35582 1669 1709 280290 280330
-3
-3
40016 40116 1669 1709 280290 280330
-3
-3
11892 11992 1309 1349 283313 283353
-3
-3
13299 13399 1309 1349 283313 283353
-3
-3
25200 25300 842 882 271135 271175
-3
-3
28320 28420 1669 1709 280290 280330
-3
-3
42220 42320 1641 1681 279894 279934
-3
-3
32250 32350 1669 1709 280290 280330
-3
-3
27877 27977 1669 1709 280290 280330
-3
-3
36958 37058 1669 1709 280290 280330
-3
-3
37558 37658 1669 1709 280290 280330
-3
-3
1855 1955 872 912 273175 273215
-3
-3
32620 32720 1669 1709 280290 280330
-3
-3
24811 24911 1669 1709 280290 280330
-3
-3
41583 41683 1641 1681 279894 279934
-3
-3
39574 39674 1669 1709 280290 280330
-3
-3
8178 8278 872 912 273175 273215
-3
-3
27478 27578 1669 1709 280290 280330
-3
-3
3344 3444 872 912 273175 273215
-3
-3
25298 25398 1669 1709 280290 280330
-3
-3
7828 7928 872 912 273175 273215
-3
-3
30182 30282 1669 1709 280290 280330
-3
-3
22841 22941 842 882 271135 271175
-3
-3
5441 5541 872 912 273175 273215
-3
-3
5901 6001 872 912 273175 273215
-3
-3
10510 10610 872 912 273175 273215
-3
-3
36516 36616 1669 1709 280290 280330
-3
-3
21214 21314 842 882 271135 271175
-3
-3
30986 31086 1669 1709 280290 280330
-3
-3
39016 39116 1669 1709 280290 280330
-3
-3
6002 6102 872 912 273175 273215
-3
-3
21826 21926 842 882 271135 271175
-3
-3
9510 9610 1669 1709 280290 280330
-3
-3
17894 17994 1309 1349 283313 283353
-3
-3
10245 10345 872 912 273175 273215
-3
-3
34710 34810 1669 1709 280290 280330
-3
-3
21334 21434 1669 1709 280290 280330
-3
-3
27586 27686 842 882 271135 271175
-3
-3
42081 42181 1641 1681 279894 279934
-3
-3
4570 4670 872 912 273175 273215
-3
-3
19902 20002 842 882 271135 271175
-3
-3
10117 10217 872 912 273175 273215
-3
-3
26187 26287 1669 1709 280290 280330
-3
-3
27642 27742 1669 1709 280290 280330
-3
-3
10048 10148 872 912 273175 273215
-3
-3
23128 23228 1669 1709 280290 280330
-3
-3
22574 22674 842 882 271135 271175
-3
-3
18226 18326 1309 1349 283313 283353
-3
-3
5964 6064 872 912 273175 273215
-3
-3
25918 26018 1669 1709 280290 280330
-3
-3
18644 18744 1309 1349 283313 283353
-3
-3
33555 33655 1669 1709 280290 280330
-3
-3
31220 31320 1669 1709 280290 280330
-3
-3
16605 16705 1309 1349 283313 283353
-3
-3
38996 39096 1669 1709 280290 280330
-3
-3
37121 37221 1669 1709 280290 280330
-3
-3
27115 27215 1669 1709 280290 280330
-3
-3
30871 30971 1669 1709 280290 280330
-3
-3
33456 33556 1669 1709 280290 280330
-3
-3
13460 13560 1309 1349 283313 283353
-3
-3
365 465 872 912 273175 273215
-3
-3
39458 39558 1669 1709 280290 280330
-3
-3
10406 10506 872 912 273175 273215
-3
-3
9876 9976 872 912 273175 273215
-3
-3
32472 32572 1669 1709 280290 280330
-3
-3
40414 40514 1641 1681 279894 279934
-3
-3
19706 19806 842 882 271135 271175
-3
-3
9165 9265 872 912 273175 273215
-3
-3
23358 23458 1309 1349 283313 283353
-3
-3
36907 37007 1669 1709 280290 280330
-3
-3
33497 33597 1669 1709 280290 280330
-3
-3
18380 18480 1309 1349 283313 283353
-3
-3
22144 22244 842 882 271135 271175
-3
-3
15042 15142 1309 1349 283313 283353
-3
-3
1380 1480 872 912 273175 273215
-3
-3
32192 32292 1669 1709 280290 280330
-3
-3
13291 13391 1309 1349 283313 283353
-3
-3
23954 24054 1309 1349 283313 283353
-3
-3
25538 25638 1669 1709 280290 280330
-3
-3
39017 39117 1669 1709 280290 280330
-3
-3
5230 5330 872 912 273175 273215
-3
-3
44182 44282 1641 1681 279894 279934
-3
-3
27930 28030 1669 1709 280290 280330
-3
-3
11570 11670 873 913 273175 273215
-3
-3
16145 16245 1309 1349 283313 283353
-3
-3
42047 42147 1641 1681 279894 279934
-3
-3
23812 23912 1309 1349 283313 283353
-3
-3
43261 43361 1641 1681 279894 279934
-3
-3
3396 3496 872 912 273175 273215
-3
-3
12626 12726 1309 1349 283313 283353
-3
-3
31841 31941 1669 1709 280290 280330
-3
-3
3761 3861 872 912 273175 273215
-3
-3
27204 27304 842 882 271135 271175
-3
-3
17367 17467 1669 1709 280290 280330
-3
-3
33399 33499 1669 1709 280290 280330
-3
-3
15034 15134 1309 1349 283313 283353
-3
-3
13139 13239 1309 1349 283313 283353
-3
-3
28226 28326 1669 1709 280290 280330
-3
-3
24199 24299 1669 1709 280290 280330
-3
-3
36497 36597 1669 1709 280290 280330
-3
-3
20491 20591 842 882 271135 271175
-3
-3
32816 32916 1669 1709 280290 280330
-3
-3
10235 10335 872 912 273175 273215
-3
-3
42636 42736 1641 1681 279894 279934
-3
-3
3217 3317 872 912 273175 273215
-3
-3
31377 31477 1669 1709 280290 280330
-3
-3
5306 5406 872 912 273175 273215
-3
-3
16508 16608 1669 1709 280290 280330
-3
-3
10689 10789 872 912 273175 273215
-3
-3
30845 30945 1669 1709 280290 280330
-3
-3
10883 10983 1309 1349 283313 283353
-3
-3
35681 35781 1669 1709 280290 280330
-3
-3
5505 5605 872 912 273175 273215
-3
-3
13934 14034 1669 1709 280290 280330
-3
-3
2610 2710 1669 1709 280290 280330
-3
-3
21651 21751 1669 1709 280290 280330
-3
-3
31101 31201 1669 1709 280290 280330
-3
-3
26422 26522 1669 1709 280290 280330
-3
-3
40032 40132 1669 1709 280290 280330
-3
-3
9617 9717 872 912 273175 273215
-3
-3
14168 14268 1309 1349 283313 283353
-3
-3
2351 2451 845 885 271130 271170
-3
-3
33140 33240 1641 1681 279894 279934
-3
-3
41372 41472 1641 1681 279894 279934
-3
-3
19718 19818 842 882 271135 271175
-3
-3
21898 21998 1669 1709 280290 280330
-3
-3
11764 11864 1309 1349 283313 283353
-3
-3
32858 32958 1669 1709 280290 280330
-3
-3
5482 5582 872 912 273175 273215
-3
-3
11084 11184 1309 1349 283313 283353
-3
-3
44475 44575 1638 1678 279894 279934
-3
-3
1093 1193 872 912 273175 273215
-3
-3
43900 44000 1641 1681 279894 279934
-3
-3
29831 29931 1669 1709 280290 280330
-3
-3
18849 18949 1309 1349 283313 283353
-3
-3
2475 2575 845 885 271130 271170
-3
-3
16566 16666 1309 1349 283313 283353
-3
-3
24156 24256 866 906 273202 273242
-3
-3
38745 38845 1669 1709 280290 280330
-3
-3
2376 2476 1309 1349 283313 283353
-3
-3
10359 10459 872 912 273175 273215
-3
-3
24749 24849 1669 1709 280290 280330
-3
-3
35626 35726 1669 1709 280290 280330
-3
-3
13803 13903 1309 1349 283313 283353
-3
-3
40667 40767 1641 1681 279894 279934
-3
-3
12635 12735 1309 1349 283313 283353
-3
-3
20024 20124 842 882 271135 271175
-3
-3
42209 42309 1641 1681 279894 279934
-3
-3
27787 27887 1669 1709 280290 280330
-3
-3
29641 29741 1669 1709 280290 280330
-3
-3
11735 11835 1309 1349 283313 283353
-3
-3
30138 30238 1669 1709 280290 280330
-3
-3
18139 18239 1309 1349 283313 283353
-3
-3
8465 8565 872 912 273175 273215
-3
-3
24977 25077 1669 1709 280290 280330
-3
-3
15157 15257 1309 1349 283313 283353
-3
-3
20230 20330 842 882 271135 271175
-3
-3
32955 33055 1669 1709 280290 280330
-3
-3
40401 40501 1641 1681 279894 279934
-3
-3
31314 31414 1669 1709 280290 280330
-3
-3
7908 8008 872 912 273175 273215
-3
-3
41495 41595 1641 1681 279894 279934
-3
-3
5692 5792 872 912 273175 273215
-3
-3
12859 12959 1309 1349 283313 283353
-3
-3
15702 15802 1309 1349 283313 283353
-3
-3
8168 8268 872 912 273175 273215
-3
-3
29426 29526 1669 1709 280290 280330
-3
-3
14978 15078 1309 1349 283313 283353
-3
-3
22033 22133 842 882 271135 271175
-3
-3
6922 7022 872 912 273175 273215
-3
-3
457 557 872 912 273175 273215
-3
-3
21902 22002 1669 1709 280290 280330
-3
-3
337 437 872 912 273175 273215
-3
-3
36084 36184 1669 1709 280290 280330
-3
-3
35705 35805 1669 1709 280290 280330
-3
-3
16125 16225 1669 1709 280290 280330
-3
-3
23839 23939 1308 1348 283313 283353
-3
-3
11087 11187 1309 1349 283313 283353
-3
-3
33454 33554 1669 1709 280290 280330
-3
-3
6985 7085 872 912 273175 273215
-3
-3
40728 40828 1641 1681 279894 279934
-3
-3
548 648 872 912 273175 273215
-3
-3
12243 12343 1669 1709 280290 280330
-3
-3
33988 34088 1669 1709 280290 280330
-3
-3
28775 28875 1669 1709 280290 280330
-3
-3
12340 12440 1669 1709 280290 280330
-3
-3
4503 4603 872 912 273175 273215
-3
-3
24125 24225 866 906 273202 273242
-3
-3
653 753 872 912 273175 273215
-3
-3
263 363 872 912 273175 273215
-3
-3
30559 30659 1669 1709 280290 280330
-3
-3
8562 8662 872 912 273175 273215
-3
-3
16878 16978 1669 1709 280290 280330
-3
-3
36252 36352 1669 1709 280290 280330
-3
-3
21421 21521 1309 1349 283313 283353
-3
-3
7700 7800 872 912 273175 273215
-3
-3
19540 19640 1309 1349 283313 283353
-3
-3
25967 26067 842 882 271135 271175
-3
-3
22679 22779 842 882 271135 271175
-3
-3
41573 41673 1641 1681 279894 279934
-3
-3
32889 32989 1669 1709 280290 280330
-3
-3
23136 23236 1308 1348 283313 283353
-3
-3
18834 18934 1309 1349 283313 283353
-3
-3
8347 8447 872 912 273175 273215
-3
-3
34340 34440 1641 1681 279894 279934
-3
-3
29659 29759 1669 1709 280290 280330
-3
-3
44234 44334 1641 1681 279894 279934
-3
-3
13538 13638 1669 1709 280290 280330
-3
-3
15867 15967 1309 1349 283313 283353
-3
-3
33046 33146 1669 1709 280290 280330
-3
-3
40285 40385 1641 1681 279894 279934
-3
-3
31715 31815 1669 1709 280290 280330
-3
-3
8714 8814 872 912 273175 273215
-3
-3
7886 7986 872 912 273175 273215
-3
-3
21061 21161 842 882 271135 271175
-3
-3
37490 37590 1669 1709 280290 280330
-3
-3
20227 20327 842 882 271135 271175
-3
-3
25565 25665 1669 1709 280290 280330
-3
-3
16973 17073 1309 1349 283313 283353
-3
-3
40642 40742 1641 1681 279894 279934
-3
-3
948 1048 872 912 273175 273215
-3
-3
2891 2991 872 912 273175 273215
-3
-3
4562 4662 872 912 273175 273215
-3
-3
17826 17926 1309 1349 283313 283353
-3
-3
14263 14363 1309 1349 283313 283353
-3
-3
1104 1204 872 912 273175 273215
-3
-3
646 746 872 912 273175 273215
-3
-3
33803 33903 1669 1709 280290 280330
-3
-3
2191 2291 845 885 271130 271170
-3
-3
23325 23425 1309 1349 283313 283353
-3
-3
5854 5954 872 912 273175 273215
-3
-3
35081 35181 1669 1709 280290 280330
-3
-3
21582 21682 842 882 271135 271175
-3
-3
44450 44550 1641 1681 279894 279934
-3
-3
18548 18648 1309 1349 283313 283353
-3
-3
31042 31142 1669 1709 280290 280330
-3
-3
4588 4688 872 912 273175 273215
-3
-3
18140 18240 1309 1349 283313 283353
-3
-3
44580 44642 1627 1667 279920 279960
-3
-3
20455 20555 842 882 271135 271175
-3
-3
26306 26406 1669 1709 280290 280330
-3
-3
40223 40323 1641 1681 279894 279934
-3
-3
7528 7628 872 912 273175 273215
-3
-3
35021 35121 1669 1709 280290 280330
-3
-3
23230 23330 1309 1349 283313 283353
-3
-3
28590 28690 1669 1709 280290 280330
-3
-3
27869 27969 1669 1709 280290 280330
-3
-3
18577 18677 1309 1349 283313 283353
-3
-3
29275 29375 1669 1709 280290 280330
-3
-3
19962 20062 842 882 271135 271175
-3
-3
14577 14677 1669 1709 280290 280330
-3
-3
5343 5443 872 912 273175 273215
-3
-3
22853 22953 842 882 271135 271175
-3
-3
38902 39002 1669 1709 280290 280330
-3
-3
42931 43031 1641 1681 279894 279934
-3
-3
12236 12336 1669 1709 280290 280330
-3
