-1
13824 870 1190 282644 282964
-1
-1
33633 369 689 275236 275556
-1
-1
25362 1492 1812 278900 279220
-1
-1
17057 870 1190 282653 282973
-1
-1
42603 1501 1821 279754 280074
-1
-1
480 869 1189 282652 282972
-1
-1
42567 1529 1849 280150 280470
-1
-1
28718 417 737 281589 281909
-1
-1
19778 1043 1363 281318 281638
-1
-1
41451 726 1046 273062 273382
-1
-1
31102 1449 1769 275201 275521
-1
-1
30233 1623 1943 236487 236807
-1
-1
26145 726 1046 273062 273382
-1
-1
6158 702 1022 270995 271315
-1
-1
10789 1025 1345 281463 281783
-1
-1
2880 1178 1498 283438 283758
-1
-1
11866 869 1189 282650 282970
-1
-1
32332 1149 1469 283451 283771
-1
-1
7561 1134 1454 282815 283135
-1
-1
38308 71 391 265266 265586
-1
-1
38392 1096 1416 281869 282189
-1
-1
3139 2172 2492 242048 242368
-1
-1
32796 1167 1487 283409 283729
-1
-1
23718 1390 1710 254945 255265
-1
-1
42412 1046 1366 281314 281634
-1
-1
28393 1504 1824 257883 258203
-1
-1
7494 1108 1428 283421 283741
-1
-1
14743 2268 2588 231740 232060
-1
-1
421 148 468 277489 277809
-1
-1
3679 1169 1489 283173 283493
-1
-1
23792 1098 1418 283415 283735
-1
-1
39814 1475 1795 279281 279601
-1
-1
3014 1025 1345 281463 281783
-1
-1
30874 1281 1601 279894 280214
-1
-1
22899 862 1182 282684 283004
-1
-1
10588 869 1189 282649 282969
-1
-1
16301 1319 1639 275302 275622
-1
-1
8136 871 1191 282650 282970
-1
-1
26436 1529 1849 280150 280470
-1
-1
30549 1510 1830 257887 258207
-1
-1
29661 1169 1489 283173 283493
-1
-1
43933 1501 1821 279754 280074
-1
-1
21923 862 1182 282685 283005
-1
-1
40426 1487 1807 278911 279231
-1
-1
36620 1281 1601 279894 280214
-1
-1
25645 683 1003 259454 259774
-1
-1
29653 1169 1489 283173 283493
-1
-1
22135 1498 1818 279638 279958
-1
-1
38194 66 386 266164 266484
-1
-1
24229 1246 1566 276268 276588
-1
-1
8112 842 1162 276566 276886
-1
-1
37372 1169 1489 283173 283493
-1
-1
33560 1246 1566 276268 276588
-1
-1
14673 1319 1639 275301 275621
-1
-1
26534 1169 1489 283173 283493
-1
-1
662 1529 1849 280150 280470
-1
-1
13744 1028 1348 276423 276743
-1
-1
6198 279 599 254809 255129
-1
-1
32277 1529 1849 280150 280470
-1
-1
8251 1100 1420 283432 283752
-1
-1
40970 589 909 277922 278242
-1
-1
40026 503 823 251663 251983
-1
-1
4953 871 1191 282649 282969
-1
-1
8889 1134 1454 282815 283135
-1
-1
1007 328 648 255216 255536
-1
-1
9838 1492 1812 278900 279220
-1
-1
23295 1133 1453 282809 283129
-1
-1
8653 1450 1770 279930 280250
-1
-1
3434 1312 1632 241784 242104
-1
-1
22450 2506 2747 248567 248887
-1
-1
18788 1337 1657 275279 275599
-1
-1
11524 1118 1438 283433 283753
-1
-1
17949 1164 1484 283405 283725
-1
-1
38201 1413 1733 254298 254618
-1
-1
14587 1348 1668 275061 275381
-1
-1
4960 1479 1799 278901 279221
-1
-1
10826 1118 1438 283432 283752
-1
-1
12017 842 1162 276565 276885
-1
-1
12746 1107 1427 283425 283745
-1
-1
34046 1168 1488 283173 283493
-1
-1
9384 1469 1789 257878 258198
-1
-1
42635 1510 1830 257849 258169
-1
-1
21573 1238 1558 254841 255161
-1
-1
39774 726 1046 273062 273382
-1
-1
24854 862 1182 282685 283005
-1
-1
5217 1492 1812 278900 279220
-1
-1
35578 1169 1489 283173 283493
-1
-1
1535 1129 1449 282674 282994
-1
-1
9584 1110 1430 283422 283742
-1
-1
9351 1247 1567 276268 276588
-1
-1
41547 1174 1494 283441 283761
-1
-1
10206 844 1164 276566 276886
-1
-1
34419 1529 1849 280150 280470
-1
-1
43273 1281 1601 279894 280214
-1
-1
36039 1281 1601 279894 280214
-1
-1
26802 245 565 267258 267578
-1
-1
5436 1518 1838 253299 253619
-1
-1
35560 2009 2329 250131 250451
-1
-1
3862 1025 1345 281463 281783
-1
-1
13033 870 1190 282653 282973
-1
-1
29416 871 1191 282645 282965
-1
-1
20702 173 493 279555 279875
-1
-1
32616 1510 1830 257886 258206
-1
-1
26046 1248 1568 276267 276587
-1
-1
4697 1502 1822 257876 258196
-1
-1
31400 1529 1849 280150 280470
-1
-1
5802 1492 1812 278900 279220
-1
-1
7130 1134 1454 282812 283132
-1
-1
18582 726 1046 273062 273382
-1
-1
31993 1134 1454 282815 283135
-1
-1
42780 726 1046 273062 273382
-1
-1
38893 1529 1849 280150 280470
-1
-1
37649 1169 1489 283173 283493
-1
-1
23904 118 438 281657 281977
-1
-1
40465 1507 1827 257881 258201
-1
-1
830 1529 1849 280150 280470
-1
-1
16027 931 1251 248604 248924
-1
-1
11549 1176 1496 283441 283761
-1
-1
21821 1529 1849 280150 280470
-1
-1
21090 871 1191 282646 282966
-1
-1
10786 1247 1567 276268 276588
-1
-1
16543 1168 1488 283173 283493
-1
-1
23907 1498 1818 279613 279933
-1
-1
15904 1109 1429 283426 283746
-1
-1
43936 1529 1849 280150 280470
-1
-1
27589 1169 1489 283173 283493
-1
-1
37171 726 1046 273062 273382
-1
-1
20768 439 759 258383 258703
-1
-1
26772 924 1244 281115 281435
-1
-1
2168 1220 1540 255644 255964
-1
-1
12088 1529 1849 280150 280470
-1
-1
3193 1154 1474 283443 283763
-1
-1
19413 1491 1811 279596 279916
-1
-1
7238 117 437 281359 281679
-1
-1
2578 869 1189 282653 282973
-1
-1
23112 1334 1654 275285 275605
-1
-1
31058 11 331 250478 250798
-1
-1
24836 871 1191 282646 282966
-1
-1
33330 1098 1418 283414 283734
-1
-1
3052 1132 1452 256004 256324
-1
-1
38878 1133 1453 282809 283129
-1
-1
24938 885 1205 258900 259220
-1
-1
27602 861 1181 282683 283003
-1
-1
36705 871 1191 282646 282966
-1
-1
40618 1174 1494 283442 283762
-1
-1
27209 1492 1812 278899 279219
-1
-1
16992 860 1180 282690 283010
-1
-1
11301 1099 1419 280961 281281
-1
-1
40028 0 320 251162 251482
-1
-1
8118 842 1162 276566 276886
-1
-1
41749 1501 1821 279754 280074
-1
-1
6211 309 629 254737 255057
-1
-1
21125 1529 1849 280150 280470
-1
-1
33370 1167 1487 283409 283729
-1
-1
22028 1281 1601 279894 280214
-1
-1
17557 1169 1489 283173 283493
-1
-1
42184 1260 1580 255533 255853
-1
-1
42553 1169 1489 283173 283493
-1
-1
18679 484 804 281494 281814
-1
-1
4878 1178 1498 283438 283758
-1
-1
3968 870 1190 282651 282971
-1
-1
42483 1174 1494 283442 283762
-1
-1
37610 1229 1549 276313 276633
-1
-1
32485 2410 2730 237409 237729
-1
-1
22563 862 1182 282685 283005
-1
-1
25843 1096 1416 283418 283738
-1
-1
2312 1478 1798 257859 258179
-1
-1
22955 1281 1601 279894 280214
-1
-1
13342 1501 1821 257873 258193
-1
-1
28133 1201 1521 256817 257137
-1
-1
23225 491 811 276458 276778
-1
-1
21636 1529 1849 280150 280470
-1
-1
18664 1134 1454 282815 283135
-1
-1
21031 180 500 246459 246779
-1
-1
29283 1449 1769 275201 275521
-1
-1
2240 1148 1468 283370 283690
-1
-1
33117 1500 1820 257872 258192
-1
-1
9569 1247 1567 276268 276588
-1
-1
4105 1172 1492 283418 283738
-1
-1
9322 1098 1418 283438 283758
-1
-1
13137 382 702 244929 245249
-1
-1
21458 862 1182 282684 283004
-1
-1
17459 1530 1850 234074 234394
-1
-1
33769 1148 1468 283451 283771
-1
-1
6336 1037 1357 281287 281607
-1
-1
16411 1133 1453 282808 283128
-1
-1
18310 1824 2144 251543 251863
-1
-1
5687 845 1165 276567 276887
-1
-1
32714 1478 1798 278904 279224
-1
-1
44320 1281 1601 279894 280214
-1
-1
2868 1134 1454 282812 283132
-1
-1
5965 1166 1486 257222 257542
-1
-1
41523 455 775 281532 281852
-1
-1
12310 726 1046 273062 273382
-1
-1
7830 1113 1433 283395 283715
-1
-1
2774 0 320 282406 282726
-1
-1
31917 1133 1453 282809 283129
-1
-1
31298 832 1152 276548 276868
-1
-1
18885 1478 1798 278904 279224
-1
-1
30418 930 1250 276665 276985
-1
-1
29903 1098 1418 283416 283736
-1
-1
35117 216 536 270035 270355
-1
-1
43211 1492 1812 278900 279220
-1
-1
32310 1149 1469 283451 283771
-1
-1
15666 256 576 281343 281663
-1
-1
19928 1492 1812 278900 279220
-1
-1
21403 1044 1364 256302 256622
-1
-1
32048 1149 1469 283451 283771
-1
-1
37558 1095 1415 283414 283734
-1
-1
30466 279 599 263812 264132
-1
-1
35965 1246 1566 276268 276588
-1
-1
34567 183 503 275250 275570
-1
-1
17359 2468 2747 237345 237665
-1
-1
18168 2527 2747 249872 250192
-1
-1
9152 871 1191 282650 282970
-1
-1
205 1492 1812 278900 279220
-1
-1
42330 1321 1641 255536 255856
-1
-1
24885 832 1152 276550 276870
-1
-1
13871 845 1165 276568 276888
-1
-1
34029 1098 1418 283413 283733
-1
-1
22852 1281 1601 279894 280214
-1
-1
26288 1184 1504 283427 283747
-1
-1
1246 1110 1430 283421 283741
-1
-1
33328 1167 1487 283409 283729
-1
-1
28693 835 1155 276551 276871
-1
-1
29377 1325 1645 257084 257404
-1
-1
31776 1246 1566 276268 276588
-1
-1
37521 871 1191 282646 282966
-1
-1
22996 1491 1811 279596 279916
-1
-1
27391 1483 1803 279124 279444
-1
-1
22260 1133 1453 282809 283129
-1
-1
21444 1281 1601 279894 280214
-1
-1
11087 1176 1496 283441 283761
-1
-1
14241 1319 1639 275301 275621
-1
-1
11925 0 320 235591 235911
-1
-1
9791 871 1191 282649 282969
-1
-1
36708 1492 1812 278900 279220
-1
-1
2149 1510 1830 257850 258170
-1
-1
81 171 491 275000 275320
-1
-1
14548 1271 1591 276086 276406
-1
-1
25979 1225 1545 276318 276638
-1
-1
18764 1134 1454 282815 283135
-1
-1
25938 1498 1818 279613 279933
-1
-1
5025 1153 1473 257143 257463
-1
-1
4386 871 1191 282645 282965
-1
-1
31166 60 380 260602 260922
-1
-1
42115 729 1049 281121 281441
-1
-1
27518 726 1046 273062 273382
-1
-1
26714 862 1182 282683 283003
-1
-1
28798 1315 1635 275296 275616
-1
-1
9331 1164 1484 283405 283725
-1
-1
27093 1184 1504 283428 283748
-1
-1
44508 1169 1489 283173 283493
-1
-1
41435 1529 1849 280150 280470
-1
-1
35205 1148 1468 283451 283771
-1
-1
44050 2316 2636 250205 250525
-1
-1
32787 1500 1820 257872 258192
-1
-1
30283 1281 1601 279894 280214
-1
-1
15290 276 596 265629 265949
-1
-1
17653 1511 1831 257891 258211
-1
-1
12834 1107 1427 283425 283745
-1
-1
20627 726 1046 273062 273382
-1
-1
23622 827 1147 276527 276847
-1
-1
13750 1169 1489 283173 283493
-1
-1
40145 1529 1849 241918 242238
-1
-1
19454 1491 1811 279596 279916
-1
-1
11615 1025 1345 281463 281783
-1
-1
20876 1224 1544 276324 276644
-1
-1
26030 726 1046 273062 273382
-1
-1
6311 0 320 282403 282723
-1
-1
29011 1322 1642 243331 243651
-1
-1
8255 732 1052 273035 273355
-1
-1
43654 870 1190 282651 282971
-1
-1
6360 732 1052 273035 273355
-1
-1
4325 1502 1822 257876 258196
-1
-1
28861 1281 1601 279894 280214
-1
-1
42834 1046 1366 281306 281626
-1
-1
22348 2271 2591 248754 249074
-1
-1
22994 1281 1601 279894 280214
-1
-1
2629 1155 1475 283444 283764
-1
-1
9125 1529 1849 280150 280470
-1
-1
18214 1171 1491 283441 283761
-1
-1
38632 871 1191 282645 282965
-1
-1
7342 1171 1491 283441 283761
-1
-1
12117 1110 1430 283422 283742
-1
-1
36613 1492 1812 278900 279220
-1
-1
39135 614 934 276268 276588
-1
-1
33405 1500 1820 257872 258192
-1
-1
13885 1112 1432 283443 283763
-1
-1
2689 0 320 282409 282729
-1
-1
33780 1492 1812 278900 279220
-1
-1
30251 1281 1601 279894 280214
-1
-1
11518 1498 1818 279623 279943
-1
-1
28907 1506 1826 257881 258201
-1
-1
38939 1246 1566 276268 276588
-1
-1
28130 1133 1453 282809 283129
-1
-1
3859 1492 1812 278900 279220
-1
-1
24163 1133 1453 282809 283129
-1
-1
35674 1511 1831 257891 258211
-1
-1
37632 1169 1489 283173 283493
-1
-1
20279 1164 1484 283405 283725
-1
-1
39160 726 1046 273062 273382
-1
-1
4950 1300 1620 238363 238683
-1
-1
28039 1281 1601 279894 280214
-1
-1
17929 726 1046 273062 273382
-1
-1
31928 2359 2679 250087 250407
-1
-1
37400 121 441 279072 279392
-1
-1
14160 1028 1348 280899 281219
-1
-1
40140 726 1046 273062 273382
-1
-1
33670 1492 1812 278900 279220
-1
-1
24843 1492 1812 278900 279220
-1
-1
12979 1118 1438 283430 283750
-1
-1
13742 1025 1345 281463 281783
-1
-1
21434 1134 1454 282815 283135
-1
-1
18889 1492 1812 278900 279220
-1
-1
27686 1529 1849 280150 280470
-1
-1
19147 1539 1859 257809 258129
-1
-1
4181 845 1165 276568 276888
-1
-1
25248 832 1152 276549 276869
-1
-1
486 2428 2747 247656 247976
-1
-1
12642 1176 1496 283442 283762
-1
-1
10223 732 1052 273035 273355
-1
-1
32834 1477 1797 278904 279224
-1
-1
17697 1134 1454 282815 283135
-1
-1
11292 726 1046 273062 273382
-1
-1
16858 726 1046 273062 273382
-1
-1
4929 871 1191 282649 282969
-1
-1
8074 1492 1812 278900 279220
-1
-1
1477 1178 1498 283438 283758
-1
-1
29940 1281 1601 279894 280214
-1
-1
1559 732 1052 273035 273355
-1
-1
12999 2013 2333 250989 251309
-1
-1
23726 1281 1601 279894 280214
-1
-1
39598 726 1046 273062 273382
-1
-1
12374 1110 1430 283423 283743
-1
-1
13979 1501 1821 257874 258194
-1
-1
35501 1098 1418 283413 283733
-1
-1
16731 1454 1774 279666 279986
-1
-1
34968 124 444 262167 262487
-1
-1
34115 726 1046 273062 273382
-1
-1
28179 2356 2676 248334 248654
-1
-1
20596 775 1095 257789 258109
-1
-1
14484 0 320 281053 281373
-1
-1
15964 871 1191 282648 282968
-1
-1
31012 1317 1637 275291 275611
-1
-1
41382 726 1046 273062 273382
-1
-1
6690 0 320 282406 282726
-1
-1
2425 1235 1555 255648 255968
-1
-1
35928 1240 1560 283177 283497
-1
-1
29749 871 1191 282646 282966
-1
-1
24741 222 542 268790 269110
-1
-1
21139 1097 1417 283420 283740
-1
-1
1257 769 1089 281060 281380
-1
-1
43919 1145 1465 283458 283778
-1
-1
21253 1337 1657 275278 275598
-1
-1
18530 871 1191 282646 282966
-1
-1
10928 845 1165 276569 276889
-1
-1
32780 1149 1469 283451 283771
-1
-1
42917 1145 1465 283458 283778
-1
-1
36256 1246 1566 276268 276588
-1
-1
25126 1513 1833 257848 258168
-1
-1
12099 842 1162 276565 276885
-1
-1
17856 1044 1364 283291 283611
-1
-1
12474 1492 1812 278900 279220
-1
-1
31667 382 702 278063 278383
-1
-1
7684 1169 1489 283173 283493
-1
-1
41310 1501 1821 279754 280074
-1
-1
2487 850 1170 251724 252044
-1
-1
41815 1247 1567 276268 276588
-1
-1
29033 1246 1566 276268 276588
-1
-1
30038 1148 1468 283451 283771
-1
-1
18098 1492 1812 278900 279220
-1
-1
42049 1281 1601 279894 280214
-1
-1
41499 871 1191 282645 282965
-1
-1
30101 1169 1489 283173 283493
-1
-1
19852 191 511 270896 271216
-1
-1
41230 1345 1665 255105 255425
-1
-1
12404 1133 1453 282808 283128
-1
-1
1833 732 1052 273035 273355
-1
-1
18469 872 1192 282647 282967
-1
-1
42222 1174 1494 283441 283761
-1
-1
20386 1134 1454 282815 283135
-1
-1
5218 158 478 281090 281410
-1
-1
31697 330 650 278407 278727
-1
-1
19519 862 1182 282683 283003
-1
-1
15699 1133 1453 282808 283128
-1
-1
19011 862 1182 282683 283003
-1
-1
1240 1452 1772 254019 254339
-1
-1
34915 1169 1489 283173 283493
-1
-1
6982 1281 1601 279894 280214
-1
-1
31211 1529 1849 280150 280470
-1
-1
25842 835 1155 276553 276873
-1
-1
33905 726 1046 273062 273382
-1
-1
37126 196 516 280957 281277
-1
-1
38245 1098 1418 283415 283735
-1
-1
19478 1502 1822 257789 258109
-1
-1
31990 1478 1798 278904 279224
-1
-1
5193 1169 1489 283173 283493
-1
-1
12978 1492 1812 278900 279220
-1
-1
34481 1413 1733 280404 280724
-1
-1
28099 1529 1849 280150 280470
-1
-1
37414 726 1046 273062 273382
-1
-1
34217 1133 1453 282809 283129
-1
-1
13768 769 1089 249446 249766
-1
-1
11872 1492 1812 278900 279220
-1
-1
39747 1450 1770 279955 280275
-1
-1
42467 1492 1812 278900 279220
-1
-1
1360 2048 2368 248781 249101
-1
-1
9433 1169 1489 283173 283493
-1
-1
42589 1359 1679 257779 258099
-1
-1
24561 871 1191 282648 282968
-1
-1
38861 1246 1566 276268 276588
-1
-1
32411 835 1155 276554 276874
-1
-1
43999 1317 1637 257630 257950
-1
-1
11423 869 1189 282651 282971
-1
-1
8365 871 1191 282647 282967
-1
-1
14496 1472 1792 278922 279242
-1
-1
17111 1539 1859 257809 258129
-1
-1
34674 1098 1418 283415 283735
-1
-1
3681 1110 1430 283423 283743
-1
-1
1870 732 1052 273035 273355
-1
-1
20107 1095 1415 283415 283735
-1
-1
14615 870 1190 282652 282972
-1
-1
6547 1247 1567 276262 276582
-1
-1
35074 1282 1602 256002 256322
-1
-1
27085 1478 1798 278902 279222
-1
-1
21920 1165 1485 283408 283728
-1
-1
2022 1496 1816 257782 258102
-1
-1
15599 1337 1657 275279 275599
-1
-1
5319 1492 1812 278900 279220
-1
-1
10337 1510 1830 257886 258206
-1
-1
16785 1501 1821 257784 258104
-1
-1
29466 1449 1769 275201 275521
-1
-1
4024 1169 1489 283173 283493
-1
-1
15015 1500 1820 257790 258110
-1
-1
21402 1043 1363 256311 256631
-1
-1
1374 1429 1749 278995 279315
-1
-1
11464 726 1046 273062 273382
-1
-1
40039 1292 1612 242681 243001
-1
-1
22505 726 1046 273062 273382
-1
-1
18642 387 707 281599 281919
-1
-1
38669 1133 1453 282809 283129
-1
-1
24117 1229 1549 276313 276633
-1
-1
41806 1169 1489 283173 283493
-1
-1
31531 1492 1812 278900 279220
-1
-1
13123 1106 1426 283424 283744
-1
-1
27217 1492 1812 278900 279220
-1
-1
32452 726 1046 273062 273382
-1
-1
17445 1828 2148 251427 251747
-1
-1
33830 1464 1784 278944 279264
-1
-1
34356 1195 1515 282391 282711
-1
-1
30596 1449 1769 275201 275521
-1
-1
26314 1498 1818 279623 279943
-1
-1
38951 590 910 276030 276350
-1
-1
27699 1569 1889 253205 253525
-1
-1
19314 1529 1849 280150 280470
-1
-1
31242 1133 1453 282809 283129
-1
-1
42127 871 1191 282650 282970
-1
-1
17850 1501 1821 257790 258110
-1
-1
35036 1492 1812 278899 279219
-1
-1
41675 1529 1849 280150 280470
-1
-1
23058 1502 1822 257877 258197
-1
-1
21226 26 346 247622 247942
-1
-1
30613 726 1046 273062 273382
-1
-1
28339 1317 1637 275291 275611
-1
-1
27758 1467 1787 250455 250775
-1
-1
30125 1148 1468 283451 283771
-1
-1
38993 1529 1849 280150 280470
-1
-1
12883 424 744 281673 281993
-1
-1
8629 176 496 253211 253531
-1
-1
356 1109 1429 283420 283740
-1
-1
37164 1247 1567 276269 276589
-1
-1
11287 1947 2267 250415 250735
-1
-1
37199 1026 1346 254307 254627
-1
-1
24181 1246 1566 276268 276588
-1
-1
28759 1098 1418 283415 283735
-1
-1
6231 1025 1345 281463 281783
-1
-1
20585 1098 1418 283413 283733
-1
-1
12927 1107 1427 283425 283745
-1
-1
41249 158 478 265776 266096
-1
-1
1477 1309 1629 282459 282779
-1
-1
34439 172 492 276422 276742
-1
-1
32960 1529 1849 280150 280470
-1
-1
18521 1514 1834 257845 258165
-1
-1
37212 978 1298 257081 257401
-1
-1
36665 1098 1418 283417 283737
-1
-1
25096 1098 1418 283413 283733
-1
-1
19407 862 1182 282685 283005
-1
-1
38957 1246 1566 276268 276588
-1
-1
15760 1107 1427 283427 283747
-1
-1
39558 2151 2471 250405 250725
-1
-1
14831 870 1190 282653 282973
-1
-1
1936 732 1052 273035 273355
-1
-1
23486 1502 1822 257877 258197
-1
-1
36855 1133 1453 282809 283129
-1
-1
31249 0 320 261144 261464
-1
-1
39341 1053 1373 276409 276729
-1
-1
413 1038 1358 281290 281610
-1
-1
24956 1454 1774 278963 279283
-1
-1
3980 1154 1474 283442 283762
-1
-1
16087 871 1191 282648 282968
-1
-1
5334 1492 1812 278900 279220
-1
-1
311 1177 1497 256394 256714
-1
-1
8044 1169 1489 283173 283493
-1
-1
36706 1098 1418 283416 283736
-1
-1
8005 732 1052 273035 273355
-1
-1
43444 1501 1821 279754 280074
-1
-1
27651 1037 1357 281293 281613
-1
-1
8493 1169 1489 283173 283493
-1
-1
35363 1071 1391 253694 254014
-1
-1
21471 862 1182 282684 283004
-1
-1
39038 145 465 266387 266707
-1
-1
18136 1104 1424 281665 281985
-1
-1
38711 726 1046 273062 273382
-1
-1
8626 870 1190 282649 282969
-1
-1
10858 845 1165 276569 276889
-1
-1
33577 1246 1566 276268 276588
-1
-1
41016 1045 1365 281310 281630
-1
-1
40935 1501 1821 279754 280074
-1
-1
23397 1229 1549 276314 276634
-1
-1
23105 1169 1489 283173 283493
-1
-1
14862 1355 1675 257568 257888
-1
-1
29359 1325 1645 257233 257553
-1
-1
17528 1492 1812 278900 279220
-1
-1
43891 1133 1453 282809 283129
-1
-1
13678 843 1163 276567 276887
-1
-1
25102 1246 1566 276268 276588
-1
-1
6893 794 1114 283151 283471
-1
-1
42409 106 426 260154 260474
-1
-1
36571 1168 1488 283173 283493
-1
-1
18774 1164 1484 283405 283725
-1
-1
6227 1169 1489 283173 283493
-1
-1
38742 545 865 275713 276033
-1
-1
16718 726 1046 273062 273382
-1
-1
21664 1529 1849 280150 280470
-1
-1
43155 1133 1453 282810 283130
-1
-1
26876 1168 1488 283173 283493
-1
-1
41796 1145 1465 283458 283778
-1
-1
6128 1428 1748 257874 258194
-1
-1
44328 1281 1601 279894 280214
-1
-1
17814 1240 1560 283177 283497
-1
-1
20981 29 349 259073 259393
-1
-1
41202 1492 1812 278900 279220
-1
-1
36394 1478 1798 278902 279222
-1
-1
3957 1108 1428 283426 283746
-1
-1
20482 1224 1544 276323 276643
-1
-1
6231 702 1022 270995 271315
-1
-1
5561 1169 1489 283173 283493
-1
-1
24193 1133 1453 282809 283129
-1
-1
10487 1425 1745 280368 280688
-1
-1
37515 362 682 278063 278383
-1
-1
21104 266 586 254524 254844
-1
-1
17257 1164 1484 283405 283725
-1
-1
26225 286 606 228359 228679
-1
-1
27823 871 1191 282648 282968
-1
-1
3883 1479 1799 278901 279221
-1
-1
39277 142 462 267891 268211
-1
-1
19031 1134 1454 282815 283135
-1
-1
2979 1496 1816 257791 258111
-1
-1
30164 870 1190 282645 282965
-1
-1
39107 1529 1849 280150 280470
-1
-1
29668 726 1046 273062 273382
-1
-1
27596 1855 2175 250383 250703
-1
-1
20789 1610 1930 258404 258724
-1
-1
32629 521 841 275915 276235
-1
-1
3244 732 1052 273035 273355
-1
-1
15396 1509 1829 257848 258168
-1
-1
20372 726 1046 273062 273382
-1
-1
37488 516 836 275772 276092
-1
-1
31159 1492 1812 278900 279220
-1
-1
2987 1430 1750 278996 279316
-1
-1
21664 702 1022 270995 271315
-1
-1
10147 1025 1345 281463 281783
-1
-1
8579 726 1046 273062 273382
-1
-1
26599 2413 2733 250104 250424
-1
-1
20062 1224 1544 276323 276643
-1
-1
39630 1025 1345 281463 281783
-1
-1
16642 1178 1498 283438 283758
-1
-1
35201 1430 1750 278995 279315
-1
-1
24613 219 539 269839 270159
-1
-1
43828 1133 1453 282809 283129
-1
-1
23811 1229 1549 276313 276633
-1
-1
27325 1098 1418 283416 283736
-1
-1
42118 1492 1812 278900 279220
-1
-1
41020 1045 1365 281310 281630
-1
-1
15961 1529 1849 280150 280470
-1
-1
13917 1025 1345 249986 250306
-1
-1
36512 1179 1499 256469 256789
-1
-1
28561 1096 1416 283419 283739
-1
-1
12310 1483 1803 278883 279203
-1
-1
9195 1164 1484 283405 283725
-1
-1
6702 1115 1435 283391 283711
-1
-1
12582 1478 1798 278901 279221
-1
-1
21649 862 1182 282684 283004
-1
-1
35895 2123 2443 250427 250747
-1
-1
21211 1492 1812 278900 279220
-1
-1
4597 732 1052 273035 273355
-1
-1
19666 1492 1812 278900 279220
-1
-1
39445 870 1190 282651 282971
-1
-1
2334 1502 1822 257876 258196
-1
-1
40659 1478 1798 278904 279224
-1
-1
30072 1500 1820 257742 258062
-1
-1
25922 1498 1818 279613 279933
-1
-1
9119 1118 1438 283433 283753
-1
-1
17274 1516 1836 257843 258163
-1
-1
40121 614 934 275719 276039
-1
-1
9160 871 1191 282650 282970
-1
-1
5773 1025 1345 281463 281783
-1
-1
25525 1500 1820 279639 279959
-1
-1
39527 476 796 255849 256169
-1
-1
4163 871 1191 282645 282965
-1
-1
2100 1217 1537 255662 255982
-1
-1
16477 1492 1812 278900 279220
-1
-1
35565 2191 2511 250278 250598
-1
-1
33790 1169 1489 283173 283493
-1
-1
22225 1169 1489 283173 283493
-1
-1
26196 832 1152 276549 276869
-1
-1
39742 1174 1494 283441 283761
-1
-1
24479 1133 1453 282807 283127
-1
-1
37080 1529 1849 280150 280470
-1
-1
768 1309 1629 282459 282779
-1
-1
43344 1499 1819 257767 258087
-1
-1
34741 1240 1560 283177 283497
-1
-1
1673 1297 1617 257571 257891
-1
-1
26780 1498 1818 279624 279944
-1
-1
2406 818 1138 281168 281488
-1
-1
12656 1118 1438 283432 283752
-1
-1
34587 1223 1543 283111 283431
-1
-1
1393 869 1189 282652 282972
-1
-1
35296 1169 1489 283173 283493
-1
-1
13650 726 1046 273062 273382
-1
-1
40111 1452 1772 242163 242483
-1
-1
15416 1319 1639 275302 275622
-1
-1
22443 1133 1453 282809 283129
-1
-1
34312 1281 1601 279894 280214
-1
-1
37008 726 1046 273062 273382
-1
-1
2800 1134 1454 282812 283132
-1
-1
39891 1169 1489 283173 283493
-1
-1
35067 0 320 282130 282450
-1
-1
23168 1224 1544 276324 276644
-1
-1
23270 698 1018 276634 276954
-1
-1
5201 1110 1430 283424 283744
-1
-1
30153 1098 1418 283417 283737
-1
-1
13845 355 675 281594 281914
-1
-1
36659 1241 1561 257422 257742
-1
-1
8807 463 783 254356 254676
-1
-1
17582 1178 1498 283438 283758
-1
-1
42459 1531 1851 253484 253804
-1
-1
39240 1169 1489 283173 283493
-1
-1
30027 750 1070 258871 259191
-1
-1
17450 1515 1835 257842 258162
-1
-1
17556 1171 1491 283442 283762
-1
-1
40371 871 1191 282647 282967
-1
-1
29384 2195 2515 242027 242347
-1
-1
307 1309 1629 282459 282779
-1
-1
19592 1337 1657 275279 275599
-1
-1
23886 1492 1812 278900 279220
-1
-1
36792 1529 1849 280150 280470
-1
-1
6507 1040 1360 281291 281611
-1
-1
25088 1246 1566 276268 276588
-1
-1
28373 1169 1489 283173 283493
-1
-1
5773 870 1190 282645 282965
-1
-1
8359 1171 1491 283442 283762
-1
-1
36221 1478 1798 278902 279222
-1
-1
30602 1169 1489 283173 283493
-1
-1
9683 1469 1789 257878 258198
-1
-1
24436 1513 1833 257848 258168
-1
-1
35871 1281 1601 279894 280214
-1
-1
35221 733 1053 254691 255011
-1
-1
14182 1168 1488 283173 283493
-1
-1
38362 70 390 264840 265160
-1
-1
14464 1512 1832 257849 258169
-1
-1
33687 1246 1566 276268 276588
-1
-1
21887 1626 1946 252270 252590
-1
-1
7492 1134 1454 282812 283132
-1
-1
13839 870 1190 282644 282964
-1
-1
31110 726 1046 273062 273382
-1
-1
32061 1149 1469 283451 283771
-1
-1
18084 1087 1407 282041 282361
-1
-1
42427 1145 1465 283458 283778
-1
-1
15249 2027 2347 236533 236853
-1
-1
27216 1529 1849 280150 280470
-1
-1
9828 1120 1440 283429 283749
-1
-1
34970 1281 1601 279894 280214
-1
-1
33942 1529 1849 280150 280470
-1
-1
11056 498 818 254122 254442
-1
-1
13405 1492 1812 278900 279220
-1
-1
20389 204 524 265565 265885
-1
-1
2136 1218 1538 255652 255972
-1
-1
37527 1169 1489 283173 283493
-1
-1
39491 1072 1392 281400 281720
-1
-1
40377 1169 1489 283173 283493
-1
-1
21218 1334 1654 275285 275605
-1
-1
40550 698 1018 277076 277396
-1
-1
21439 1169 1489 283173 283493
-1
-1
18467 871 1191 282647 282967
-1
-1
20924 542 862 260615 260935
-1
-1
31731 1190 1510 283351 283671
-1
-1
14369 24 344 281399 281719
-1
-1
6280 1492 1812 278900 279220
-1
-1
1689 1107 1427 283426 283746
-1
-1
6452 405 725 281674 281994
-1
-1
12427 1498 1818 279623 279943
-1
-1
44238 0 320 281606 281926
-1
-1
24624 1498 1818 279613 279933
-1
-1
6918 1247 1567 276267 276587
-1
-1
40167 315 635 250797 251117
-1
-1
43037 1529 1849 280150 280470
-1
-1
42558 1174 1494 283442 283762
-1
-1
24651 1240 1560 283176 283496
-1
-1
11880 1331 1651 255403 255723
-1
-1
12307 1492 1812 278900 279220
-1
-1
6806 1502 1822 257877 258197
-1
-1
15910 1502 1822 257785 258105
-1
-1
348 1568 1888 252868 253188
-1
-1
25305 1169 1489 283173 283493
-1
-1
27576 727 1047 259506 259826
-1
-1
8761 158 478 264310 264630
-1
-1
13635 1348 1668 275061 275381
-1
-1
40197 1201 1521 256988 257308
-1
-1
42327 1529 1849 280150 280470
-1
-1
8858 732 1052 273035 273355
-1
-1
5729 1529 1849 280150 280470
-1
-1
24168 726 1046 273062 273382
-1
-1
2208 1199 1519 281261 281581
-1
-1
14911 1133 1453 282808 283128
-1
-1
24872 1095 1415 283417 283737
-1
-1
27702 1020 1340 281301 281621
-1
-1
4135 1155 1475 283445 283765
-1
-1
39648 1300 1620 275774 276094
-1
-1
36332 1246 1566 276268 276588
-1
-1
31045 726 1046 273062 273382
-1
-1
13833 1109 1429 283423 283743
-1
-1
29272 1889 2209 241747 242067
-1
-1
43046 869 1189 282649 282969
-1
-1
15967 1169 1489 283173 283493
-1
-1
2421 1134 1454 282812 283132
-1
-1
28823 1098 1418 283414 283734
-1
-1
7199 1134 1454 282815 283135
-1
-1
31559 1560 1880 250294 250614
-1
-1
32288 1529 1849 280150 280470
-1
-1
4167 1492 1812 278900 279220
-1
-1
19318 1529 1849 280150 280470
-1
-1
20170 196 516 267704 268024
-1
-1
7667 1134 1454 282815 283135
-1
-1
9755 1479 1799 278901 279221
-1
-1
26009 659 979 230232 230552
-1
-1
28758 805 1125 245483 245803
-1
-1
1297 1309 1629 282459 282779
-1
-1
10588 662 982 277328 277648
-1
-1
18133 862 1182 282683 283003
-1
-1
36972 835 1155 276551 276871
-1
-1
16042 1025 1345 281463 281783
-1
-1
30426 1106 1426 281824 282144
-1
-1
3818 0 320 282398 282718
-1
-1
44312 1281 1601 279894 280214
-1
-1
5712 870 1190 282645 282965
-1
-1
38277 1492 1812 253714 254034
-1
-1
7021 1529 1849 280150 280470
-1
-1
34236 1169 1489 283173 283493
-1
-1
20548 871 1191 282650 282970
-1
-1
3640 1479 1799 278901 279221
-1
-1
17820 1126 1446 282157 282477
-1
-1
32317 1478 1798 278904 279224
-1
-1
9801 871 1191 282649 282969
-1
-1
31265 1485 1805 257748 258068
-1
-1
25917 822 1142 231028 231348
-1
-1
5369 470 790 281516 281836
-1
-1
42887 1500 1820 257872 258192
-1
-1
20039 1492 1812 278900 279220
-1
-1
4109 1511 1831 257891 258211
-1
-1
38903 870 1190 282646 282966
-1
-1
43308 1145 1465 283458 283778
-1
-1
29733 1499 1819 257747 258067
-1
-1
21464 1169 1489 283173 283493
-1
-1
15257 1348 1668 275061 275381
-1
-1
33320 832 1152 276549 276869
-1
-1
19048 1539 1859 257809 258129
-1
-1
26415 862 1182 282685 283005
-1
-1
20499 1169 1489 283173 283493
-1
-1
44511 564 884 281379 281699
-1
-1
39271 1246 1566 276268 276588
-1
-1
30717 1491 1811 279596 279916
-1
-1
42865 871 1191 282646 282966
-1
-1
10914 869 1189 282651 282971
-1
-1
25908 1498 1818 279613 279933
-1
-1
13091 1109 1429 283442 283762
-1
-1
19726 1164 1484 283405 283725
-1
-1
8066 1169 1489 283173 283493
-1
-1
12326 1176 1496 283441 283761
-1
-1
38788 229 549 266051 266371
-1
-1
2021 1430 1750 280336 280656
-1
-1
21600 871 1191 282647 282967
-1
-1
9086 732 1052 273035 273355
-1
-1
2913 1496 1816 257791 258111
-1
-1
34472 1246 1566 276268 276588
-1
-1
11827 1133 1453 282808 283128
-1
-1
23450 1006 1326 281156 281476
-1
-1
4220 1154 1474 283444 283764
-1
-1
21747 1477 1797 278904 279224
-1
-1
15056 1512 1832 257848 258168
-1
-1
25040 1498 1818 279612 279932
-1
-1
23182 1964 2284 250385 250705
-1
-1
34787 1240 1560 283177 283497
-1
-1
24704 1240 1560 283176 283496
-1
-1
35900 348 668 262472 262792
-1
-1
5175 1492 1812 278900 279220
-1
-1
21437 871 1191 282647 282967
-1
-1
34111 1169 1489 283173 283493
-1
-1
25031 1098 1418 283412 283732
-1
-1
35228 227 547 269024 269344
-1
-1
9808 1101 1421 283434 283754
-1
-1
19083 871 1191 282646 282966
-1
-1
39840 1492 1812 278900 279220
-1
-1
30051 1328 1648 235331 235651
-1
-1
33320 1169 1489 283173 283493
-1
-1
39720 870 1190 282651 282971
-1
-1
23495 1498 1818 279613 279933
-1
-1
13842 347 667 281594 281914
-1
-1
44391 1043 1363 281314 281634
-1
-1
10993 870 1190 282651 282971
-1
-1
32517 1477 1797 278904 279224
-1
-1
23811 1498 1818 279613 279933
-1
-1
14956 726 1046 273062 273382
-1
-1
544 1492 1812 278900 279220
-1
-1
27959 1157 1477 283410 283730
-1
-1
2838 726 1046 273062 273382
-1
-1
18730 726 1046 273062 273382
-1
-1
20586 1529 1849 280150 280470
-1
-1
9863 726 1046 273062 273382
-1
-1
44129 726 1046 273062 273382
-1
-1
22982 871 1191 282648 282968
-1
-1
18083 1337 1657 275278 275598
-1
-1
6624 0 320 282405 282725
-1
-1
25611 1498 1818 279613 279933
-1
-1
3722 742 1062 243116 243436
-1
-1
28668 1513 1833 257848 258168
-1
-1
17681 1501 1821 257784 258104
-1
-1
15933 594 914 260462 260782
-1
-1
34949 832 1152 276548 276868
-1
-1
33061 1492 1812 278900 279220
-1
-1
21711 1390 1710 253697 254017
-1
-1
40430 726 1046 273062 273382
-1
-1
9055 732 1052 273035 273355
-1
-1
39463 1529 1849 280150 280470
-1
-1
759 732 1052 273035 273355
-1
-1
18741 1514 1834 257846 258166
-1
-1
31934 1134 1454 282815 283135
-1
-1
10806 1108 1428 283428 283748
-1
-1
29778 1551 1871 253427 253747
-1
-1
31295 1492 1812 278899 279219
-1
-1
25024 1513 1833 257848 258168
-1
-1
36154 1510 1830 252332 252652
-1
-1
32055 1134 1454 282815 283135
-1
-1
25582 1449 1769 280099 280419
-1
-1
18805 1492 1812 278900 279220
-1
-1
35512 1240 1560 283177 283497
-1
-1
25021 1457 1777 279576 279896
-1
-1
11436 1492 1812 278900 279220
-1
-1
22794 228 548 279549 279869
-1
-1
3235 1498 1818 257782 258102
-1
-1
40089 1174 1494 283442 283762
-1
-1
22415 1337 1657 275278 275598
-1
-1
33922 1169 1489 283173 283493
-1
-1
41059 1478 1798 278904 279224
-1
-1
117 1178 1498 283438 283758
-1
-1
27678 1169 1489 283173 283493
-1
-1
13036 1509 1829 257853 258173
-1
-1
18087 1171 1491 283442 283762
-1
-1
1756 732 1052 273035 273355
-1
-1
17694 1511 1831 257891 258211
-1
-1
13030 0 320 282090 282410
-1
-1
36197 529 849 259926 260246
-1
-1
34746 805 1125 281181 281501
-1
-1
2606 1134 1454 282812 283132
-1
-1
4130 1134 1454 282812 283132
-1
-1
11572 1118 1438 283434 283754
-1
-1
22701 1169 1489 283173 283493
-1
-1
21840 2243 2563 250228 250548
-1
-1
17449 1134 1454 282815 283135
-1
-1
6159 1179 1499 283439 283759
-1
-1
40852 726 1046 273062 273382
-1
-1
37590 871 1191 282649 282969
-1
-1
3268 1498 1818 257782 258102
-1
-1
29457 1096 1416 283411 283731
-1
-1
29826 1246 1566 276269 276589
-1
-1
20467 871 1191 282651 282971
-1
-1
5956 1115 1435 283391 283711
-1
-1
11385 1323 1643 251581 251901
-1
-1
34776 726 1046 273062 273382
-1
-1
28722 860 1180 282683 283003
-1
-1
14716 2224 2544 231822 232142
-1
-1
33366 1500 1820 257872 258192
-1
-1
24522 862 1182 282685 283005
-1
-1
24518 1229 1549 276313 276633
-1
-1
3942 0 320 240885 241205
-1
-1
9777 1169 1489 283173 283493
-1
-1
14754 1025 1345 281463 281783
-1
-1
29160 1246 1566 276268 276588
-1
-1
33524 1097 1417 283419 283739
-1
-1
17928 2527 2747 249982 250302
-1
-1
11367 1169 1489 283173 283493
-1
-1
16922 1178 1498 283438 283758
-1
-1
25538 1281 1601 279894 280214
-1
-1
13385 567 887 281491 281811
-1
-1
12301 1442 1762 257897 258217
-1
-1
4818 1492 1812 278900 279220
-1
-1
32641 1485 1805 257748 258068
-1
-1
14674 1169 1489 283173 283493
-1
-1
23869 1158 1478 283408 283728
-1
-1
4732 1173 1493 241295 241615
-1
-1
347 1309 1629 282459 282779
-1
-1
27963 862 1182 282685 283005
-1
-1
36998 1246 1566 276269 276589
-1
-1
8244 1134 1454 282815 283135
-1
-1
1576 1430 1750 278997 279317
-1
-1
44588 1511 1831 257850 258170
-1
-1
39688 1100 1420 283430 283750
-1
-1
30268 1281 1601 279894 280214
-1
-1
15177 1025 1345 281463 281783
-1
-1
11376 1301 1621 251622 251942
-1
-1
11120 657 977 253675 253995
-1
-1
29616 616 936 232520 232840
-1
-1
29499 1250 1570 256278 256598
-1
-1
31403 1134 1454 282815 283135
-1
-1
13961 1109 1429 283423 283743
-1
-1
36537 610 930 276790 277110
-1
-1
20647 1169 1489 283173 283493
-1
-1
4531 1511 1831 257891 258211
-1
-1
27221 574 894 276879 277199
-1
-1
14003 1512 1832 257849 258169
-1
-1
33830 1464 1784 278944 279264
-1
-1
16862 726 1046 273062 273382
-1
-1
25699 862 1182 282684 283004
-1
-1
24581 1513 1833 257848 258168
-1
-1
16143 1478 1798 278903 279223
-1
-1
43476 0 320 261455 261775
-1
-1
27273 726 1046 273062 273382
-1
-1
1502 540 860 250548 250868
-1
-1
3219 1156 1476 283445 283765
-1
-1
40619 1098 1418 283433 283753
-1
-1
39043 144 464 266416 266736
-1
-1
6610 1169 1489 283173 283493
-1
-1
22375 1169 1489 283173 283493
-1
-1
28052 1492 1812 278900 279220
-1
-1
18798 1134 1454 282815 283135
-1
-1
28634 538 858 246771 247091
-1
-1
31125 1492 1812 278900 279220
-1
-1
31746 870 1190 282645 282965
-1
-1
42866 272 592 278680 279000
-1
-1
3299 1178 1498 283438 283758
-1
-1
22763 726 1046 273062 273382
-1
-1
16750 453 773 281544 281864
-1
-1
30584 871 1191 282646 282966
-1
-1
12407 1133 1453 282808 283128
-1
-1
1398 1542 1862 253563 253883
-1
-1
26104 1281 1601 279894 280214
-1
-1
35780 1009 1329 254940 255260
-1
-1
10848 1110 1430 283427 283747
-1
-1
18975 1042 1362 281322 281642
-1
-1
13350 1164 1484 283405 283725
-1
-1
31195 1168 1488 283173 283493
-1
-1
40643 698 1018 277001 277321
-1
-1
17959 1134 1454 282815 283135
-1
-1
24743 1281 1601 279894 280214
-1
-1
34314 726 1046 273062 273382
-1
-1
25433 870 1190 282652 282972
-1
-1
5296 1367 1687 254607 254927
-1
-1
37592 527 847 275657 275977
-1
-1
10676 1118 1438 283434 283754
-1
-1
161 1309 1629 282459 282779
-1
-1
8623 1169 1489 283173 283493
-1
-1
27636 1306 1626 275600 275920
-1
-1
34100 1133 1453 282809 283129
-1
-1
8157 842 1162 276566 276886
-1
-1
7862 1171 1491 283442 283762
-1
-1
41090 92 412 266876 267196
-1
-1
38612 1229 1549 276313 276633
-1
-1
6976 726 1046 273062 273382
-1
-1
15078 871 1191 282653 282973
-1
-1
22994 726 1046 273062 273382
-1
-1
10002 1131 1451 283471 283791
-1
-1
36948 1511 1831 257850 258170
-1
-1
40851 1281 1601 279894 280214
-1
-1
26298 1492 1812 278900 279220
-1
-1
30138 1510 1830 257887 258207
-1
-1
38722 871 1191 282646 282966
-1
-1
2965 1492 1812 278900 279220
-1
-1
33406 1133 1453 282809 283129
-1
-1
35321 871 1191 282648 282968
-1
-1
20620 1491 1811 279596 279916
-1
-1
38191 2088 2408 250370 250690
-1
-1
32482 1492 1812 278900 279220
-1
-1
29279 82 402 230392 230712
-1
-1
14092 1348 1668 275061 275381
-1
-1
21418 1126 1446 252541 252861
-1
-1
24227 1240 1560 283176 283496
-1
-1
35754 1133 1453 282809 283129
-1
-1
21838 2238 2558 250234 250554
-1
-1
41315 1174 1494 283442 283762
-1
