-1
20706 1273 1313 282949 282989
-1
-1
6508 1011 1051 282786 282826
-1
-1
3576 1295 1335 283580 283620
-1
-1
17712 1637 1677 254080 254120
-1
-1
17326 1011 1051 282786 282826
-1
-1
2727 1638 1678 279752 279792
-1
-1
39313 1421 1461 280034 280074
-1
-1
18909 1309 1349 283313 283353
-1
-1
2739 1274 1314 282952 282992
-1
-1
6022 982 1022 276705 276745
-1
-1
15091 1632 1672 279040 279080
-1
-1
4452 1165 1205 281603 281643
-1
-1
39712 1445 1485 275439 275479
-1
-1
42124 887 927 281234 281274
-1
-1
6606 1011 1051 282788 282828
-1
-1
31676 1273 1313 282949 282989
-1
-1
30915 1288 1328 283592 283632
-1
-1
14924 1318 1358 283578 283618
-1
-1
10585 1009 1049 282789 282829
-1
-1
34598 1309 1349 283313 283353
-1
-1
14830 2552 2592 231639 231679
-1
-1
8318 982 1022 276706 276746
-1
-1
12149 1353 1393 257494 257534
-1
-1
43745 1064 1104 282713 282753
-1
-1
9439 1619 1659 279041 279081
-1
-1
24591 1642 1682 258017 258057
-1
-1
13934 710 750 281498 281538
-1
-1
8004 66 106 282545 282585
-1
-1
11389 2498 2538 250302 250342
-1
-1
19663 866 906 273202 273242
-1
-1
4358 606 646 259303 259343
-1
-1
3298 866 906 273202 273242
-1
-1
26387 1011 1051 282787 282827
-1
-1
34140 732 772 281482 281522
-1
-1
712 132 172 278078 278118
-1
-1
25404 1238 1278 283556 283596
-1
-1
3606 1651 1691 258031 258071
-1
-1
24401 1387 1427 276408 276448
-1
-1
30306 866 906 273202 273242
-1
-1
25526 1640 1680 279779 279819
-1
-1
43273 1182 1222 281451 281491
-1
-1
39396 1010 1050 282791 282831
-1
-1
29402 975 1015 276694 276734
-1
-1
16452 1309 1349 283313 283353
-1
-1
22888 1002 1042 282824 282864
-1
-1
14145 1304 1344 283545 283585
-1
-1
12760 968 1008 281303 281343
-1
-1
30547 1457 1497 275431 275471
-1
-1
11770 1010 1050 282792 282832
-1
-1
21237 1305 1345 283548 283588
-1
-1
21921 1275 1315 281126 281166
-1
-1
21137 1304 1344 283545 283585
-1
-1
35480 1308 1348 283313 283353
-1
-1
20066 1309 1349 283313 283353
-1
-1
21667 1478 1518 254201 254241
-1
-1
36485 1273 1313 282949 282989
-1
-1
6383 1250 1290 283562 283602
-1
-1
33823 1386 1426 276408 276448
-1
-1
37156 973 1013 276688 276728
-1
-1
9190 1632 1672 279040 279080
-1
-1
34197 1650 1690 258027 258067
-1
-1
18984 1477 1517 275419 275459
-1
-1
21684 1011 1051 282786 282826
-1
-1
44098 1273 1313 282949 282989
-1
-1
11268 1249 1289 283582 283622
-1
-1
20869 622 662 261241 261281
-1
-1
40418 1632 1672 279040 279080
-1
-1
9989 866 906 273202 273242
-1
-1
23928 1011 1051 282786 282826
-1
-1
42503 1632 1672 279040 279080
-1
-1
43635 1314 1354 283582 283622
-1
-1
37136 1011 1051 282786 282826
-1
-1
5831 1255 1295 283532 283572
-1
-1
23093 1474 1514 275425 275465
-1
-1
13506 1249 1289 283584 283624
-1
-1
44529 1649 1689 258021 258061
-1
-1
34527 1011 1051 282787 282827
-1
-1
25139 1632 1672 279040 279080
-1
-1
43523 1640 1680 258012 258052
-1
-1
39907 185 225 276683 276723
-1
-1
20408 1236 1276 283557 283597
-1
-1
18459 850 890 259482 259522
-1
-1
8381 737 777 260374 260414
-1
-1
22560 1421 1461 280034 280074
-1
-1
28506 1011 1051 282786 282826
-1
-1
8382 1387 1427 276408 276448
-1
-1
24770 866 906 273202 273242
-1
-1
27757 1235 1275 283557 283597
-1
-1
22075 1366 1406 256197 256237
-1
-1
4068 1294 1334 283583 283623
-1
-1
13612 1304 1344 283545 283585
-1
-1
13762 1641 1681 258013 258053
-1
-1
22827 1309 1349 283313 283353
-1
-1
9949 982 1022 276707 276747
-1
-1
13736 1009 1049 282787 282827
-1
-1
26741 1309 1349 283313 283353
-1
-1
35993 1632 1672 279040 279080
-1
-1
25448 618 658 281742 281782
-1
-1
23889 1238 1278 283555 283595
-1
-1
32041 866 906 273202 273242
-1
-1
38433 1248 1288 281707 281747
-1
-1
10373 1011 1051 282791 282831
-1
-1
16419 1488 1528 275200 275240
-1
-1
24283 1618 1658 279042 279082
-1
-1
39221 1309 1349 283313 283353
-1
-1
4553 1651 1691 258031 258071
-1
-1
32307 1273 1313 282949 282989
-1
-1
6571 183 223 249284 249324
-1
-1
7457 982 1022 276706 276746
-1
-1
27083 1235 1275 283557 283597
-1
-1
16617 1502 1542 257911 257951
-1
-1
30458 1573 1613 258035 258075
-1
-1
29503 975 1015 276689 276729
-1
-1
27462 1680 1720 253561 253601
-1
-1
9513 1241 1281 283572 283612
-1
-1
11386 840 880 259804 259844
-1
-1
5524 866 906 273202 273242
-1
-1
16748 1001 1041 282824 282864
-1
-1
10131 1309 1349 283313 283353
-1
-1
35557 1651 1691 258031 258071
-1
-1
24741 1273 1313 282949 282989
-1
-1
12902 1638 1678 279763 279803
-1
-1
28427 1646 1686 258021 258061
-1
-1
42660 1309 1349 283313 283353
-1
-1
30875 616 656 276673 276713
-1
-1
32198 1325 1365 256921 256961
-1
-1
9404 1249 1289 283583 283623
-1
-1
5700 67 107 282544 282584
-1
-1
4398 109 149 241486 241526
-1
-1
22778 1371 1411 276447 276487
-1
-1
42905 1639 1679 257901 257941
-1
-1
31860 1632 1672 279040 279080
-1
-1
31044 1273 1313 282949 282989
-1
-1
850 1493 1533 249850 249890
-1
-1
356 334 374 266815 266855
-1
-1
21006 1237 1277 283559 283599
-1
-1
1877 1249 1289 283560 283600
-1
-1
12623 1641 1681 258013 258053
-1
-1
3621 1309 1349 283313 283353
-1
-1
41309 1647 1687 258021 258061
-1
-1
30625 417 457 265864 265904
-1
-1
12467 1009 1049 282789 282829
-1
-1
21999 1364 1404 276464 276504
-1
-1
34295 1234 1274 282109 282149
-1
-1
1570 1318 1358 283578 283618
-1
-1
35192 1011 1051 282787 282827
-1
-1
21716 1235 1275 283558 283598
-1
-1
3621 1011 1051 282785 282825
-1
-1
1497 1318 1358 283578 283618
-1
-1
44176 1640 1680 258012 258052
-1
-1
10881 214 254 281984 282024
-1
-1
2070 1569 1609 279137 279177
-1
-1
29568 1457 1497 275431 275471
-1
-1
43063 1348 1388 257478 257518
-1
-1
20216 866 906 273202 273242
-1
-1
42805 459 499 278418 278458
-1
-1
43716 1341 1381 256524 256564
-1
-1
21350 866 906 273202 273242
-1
-1
23680 1238 1278 283554 283594
-1
-1
42354 1309 1349 283313 283353
-1
-1
18317 1001 1041 282822 282862
-1
-1
25083 1002 1042 282825 282865
-1
-1
30434 2637 2677 248352 248392
-1
-1
43033 1285 1325 283598 283638
-1
-1
3178 754 794 276986 277026
-1
-1
8904 1609 1649 258018 258058
-1
-1
18465 1477 1517 275418 275458
-1
-1
26817 1638 1678 279763 279803
-1
-1
20549 1237 1277 283552 283592
-1
-1
31462 1386 1426 276408 276448
-1
-1
15210 1641 1681 257924 257964
-1
-1
41848 1386 1426 276408 276448
-1
-1
15376 1641 1681 257924 257964
-1
-1
30240 1010 1050 282786 282826
-1
-1
24441 1011 1051 282786 282826
-1
-1
39426 282 322 268973 269013
-1
-1
35976 1781 1821 253077 253117
-1
-1
13269 1304 1344 283545 283585
-1
-1
43454 866 906 273202 273242
-1
-1
3940 1197 1237 283024 283064
-1
-1
29348 1465 1505 257450 257490
-1
-1
35811 1238 1278 283554 283594
-1
-1
18701 1352 1392 276488 276528
-1
-1
1445 2257 2297 248491 248531
-1
-1
5377 1274 1314 282952 282992
-1
-1
17892 1679 1719 257949 257989
-1
-1
37604 1632 1672 279040 279080
-1
-1
16021 785 825 260116 260156
-1
-1
42327 1421 1461 280034 280074
-1
-1
26275 1638 1678 279753 279793
-1
-1
33461 1632 1672 279040 279080
-1
-1
7219 2420 2460 250312 250352
-1
-1
34261 1003 1043 281180 281220
-1
-1
33511 1529 1569 252810 252850
-1
-1
27784 1296 1336 283550 283590
-1
-1
26166 1236 1276 283552 283592
-1
-1
41152 747 787 278068 278108
-1
-1
31823 1273 1313 282949 282989
-1
-1
9479 1609 1649 258018 258058
-1
-1
5983 2368 2408 248819 248859
-1
-1
28847 1653 1693 257988 258028
-1
-1
12321 1316 1356 283581 283621
-1
-1
7384 1632 1672 279040 279080
-1
-1
20132 1235 1275 283556 283596
-1
-1
38806 369 409 261533 261573
-1
-1
17300 1311 1351 283582 283622
-1
-1
39138 134 174 280031 280071
-1
-1
4834 1309 1349 283313 283353
-1
-1
5672 1196 1236 276548 276588
-1
-1
22316 1273 1313 282949 282989
-1
-1
6803 1274 1314 282952 282992
-1
-1
2650 1637 1677 257922 257962
-1
-1
18711 1618 1658 279044 279084
-1
-1
40793 754 794 277605 277645
-1
-1
34882 1305 1345 257427 257467
-1
-1
1130 2296 2336 249104 249144
-1
-1
16017 1304 1344 283545 283585
-1
-1
3951 1010 1050 282791 282831
-1
-1
8465 1309 1349 283313 283353
-1
-1
25741 1669 1709 280290 280330
-1
-1
525 1632 1672 279040 279080
-1
-1
36288 1632 1672 279040 279080
-1
-1
19160 1647 1687 258021 258061
-1
-1
34536 910 950 259430 259470
-1
-1
12686 982 1022 276705 276745
-1
-1
4397 382 422 248247 248287
-1
-1
2138 66 106 282547 282587
-1
-1
9827 1387 1427 276408 276448
-1
-1
2683 1637 1677 257921 257961
-1
-1
6348 985 1025 276709 276749
-1
-1
3602 1651 1691 258031 258071
-1
-1
7209 1274 1314 282955 282995
-1
-1
13872 1396 1436 276332 276372
-1
-1
25430 1632 1672 279040 279080
-1
-1
36321 1618 1658 279042 279082
-1
-1
34439 972 1012 276687 276727
-1
-1
31986 1011 1051 282787 282827
-1
-1
43044 1640 1680 258012 258052
-1
-1
15169 1165 1205 281603 281643
-1
-1
32469 1585 1625 258038 258078
-1
-1
20365 1373 1413 257638 257678
-1
-1
9492 1274 1314 282955 282995
-1
-1
12535 1632 1672 279040 279080
-1
-1
9763 1261 1301 283570 283610
-1
-1
42194 1386 1426 276408 276448
-1
-1
13913 1669 1709 280290 280330
-1
-1
13596 115 155 281824 281864
-1
-1
28469 1632 1672 279040 279080
-1
-1
31678 296 336 278046 278086
-1
-1
4617 1165 1205 281603 281643
-1
-1
10669 1304 1344 283545 283585
-1
-1
15562 1010 1050 282794 282834
-1
-1
15382 1011 1051 282793 282833
-1
-1
4518 1642 1682 258016 258056
-1
-1
41785 1285 1325 283598 283638
-1
-1
8646 412 452 263130 263170
-1
-1
24094 972 1012 276689 276729
-1
-1
34893 1380 1420 283317 283357
-1
-1
12577 1250 1290 283582 283622
-1
-1
2087 1295 1335 283579 283619
-1
-1
11008 1316 1356 283581 283621
-1
-1
31045 113 153 250661 250701
-1
-1
32004 673 713 260530 260570
-1
-1
2314 1607 1647 258277 258317
-1
-1
19012 1477 1517 275419 275459
-1
-1
42397 1669 1709 280290 280330
-1
-1
40869 1641 1681 279894 279934
-1
-1
2814 872 912 273175 273215
-1
-1
22165 1631 1671 279736 279776
-1
-1
17281 1318 1358 283578 283618
-1
-1
39202 282 322 267556 267596
-1
-1
11937 1250 1290 283567 283607
-1
-1
38948 1369 1409 276453 276493
-1
-1
30403 1421 1461 280034 280074
-1
-1
41727 1314 1354 283582 283622
-1
-1
36775 2547 2587 248448 248488
-1
-1
23610 1364 1404 281129 281169
-1
-1
27581 1421 1461 276166 276206
-1
-1
8053 1232 1272 282911 282951
-1
-1
30012 1457 1497 275431 275471
-1
-1
31708 1669 1709 280290 280330
-1
-1
6986 1669 1709 280290 280330
-1
-1
35968 2153 2193 250840 250880
-1
-1
34427 311 351 276706 276746
-1
-1
36896 1632 1672 279040 279080
-1
-1
7919 1250 1290 283562 283602
-1
-1
27877 1669 1709 280290 280330
-1
-1
351 1165 1205 281603 281643
-1
-1
16927 1656 1696 257983 258023
-1
-1
4187 872 912 273175 273215
-1
-1
38365 1723 1763 253169 253209
-1
-1
16988 1304 1344 283545 283585
-1
-1
14382 1821 1861 233005 233045
-1
-1
3426 845 885 271130 271170
-1
-1
24704 866 906 273202 273242
-1
-1
24621 1002 1042 282825 282865
-1
-1
11446 1623 1663 279023 279063
-1
-1
34588 1011 1051 282787 282827
-1
-1
16528 1318 1358 283578 283618
-1
-1
36025 866 906 273202 273242
-1
-1
6560 1180 1220 281432 281472
-1
-1
10241 194 234 249409 249449
-1
-1
38921 1017 1057 281179 281219
-1
-1
6861 992 1032 248682 248722
-1
-1
41346 1240 1280 283575 283615
-1
-1
339 1669 1709 280290 280330
-1
-1
27131 1324 1364 283567 283607
-1
-1
27523 866 906 273202 273242
-1
-1
12137 1009 1049 282785 282825
-1
-1
14189 1459 1499 275441 275481
-1
-1
39507 1010 1050 282791 282831
-1
-1
18614 450 490 281734 281774
-1
-1
20657 1477 1517 275418 275458
-1
-1
28846 972 1012 276688 276728
-1
-1
8053 1011 1051 282789 282829
-1
-1
15970 1273 1313 282948 282988
-1
-1
39295 1010 1050 282791 282831
-1
-1
43933 1387 1427 276409 276449
-1
-1
36803 1369 1409 276453 276493
-1
-1
19901 1631 1671 279736 279776
-1
-1
36963 589 629 281773 281813
-1
-1
18817 1679 1719 257949 257989
-1
-1
32449 1618 1658 279044 279084
-1
-1
30968 1309 1349 283313 283353
-1
-1
7767 66 106 282547 282587
-1
-1
6788 866 906 273202 273242
-1
-1
9327 2368 2408 238398 238438
-1
-1
23589 1066 1106 281182 281222
-1
-1
9082 1053 1093 256345 256385
-1
-1
17410 1651 1691 258031 258071
-1
-1
22905 1631 1671 279736 279776
-1
-1
26631 1618 1658 279042 279082
-1
-1
14950 866 906 273202 273242
-1
-1
26253 376 416 228265 228305
-1
-1
26957 1632 1672 279040 279080
-1
-1
35502 1632 1672 279040 279080
-1
-1
41514 1647 1687 258021 258061
-1
-1
8733 866 906 273202 273242
-1
-1
31138 1309 1349 283313 283353
-1
-1
43910 1638 1678 257909 257949
-1
-1
15336 1641 1681 257924 257964
-1
-1
11540 1304 1344 283545 283585
-1
-1
31458 1330 1370 283491 283531
-1
-1
4887 1011 1051 282788 282828
-1
-1
32795 1232 1272 282070 282110
-1
-1
30799 2662 2702 240112 240152
-1
-1
8747 1249 1289 283561 283601
-1
-1
35590 1743 1783 252228 252268
-1
-1
22863 1631 1671 279736 279776
-1
-1
11632 1623 1663 279022 279062
-1
-1
32066 1386 1426 276408 276448
-1
-1
43163 1647 1687 253063 253103
-1
-1
7827 1253 1293 283535 283575
-1
-1
35858 1238 1278 283556 283596
-1
-1
38566 1369 1409 276453 276493
-1
-1
32913 1650 1690 258025 258065
-1
-1
1217 1165 1205 281603 281643
-1
-1
35476 1387 1427 276409 276449
-1
-1
35389 374 414 267669 267709
-1
-1
3522 1274 1314 282952 282992
-1
-1
19828 1668 1708 257983 258023
-1
-1
33210 813 853 254988 255028
-1
-1
5431 1653 1693 253479 253519
-1
-1
38695 1369 1409 276453 276493
-1
-1
36945 1632 1672 279040 279080
-1
-1
42018 679 719 281556 281596
-1
-1
9071 1011 1051 282788 282828
-1
-1
40288 1641 1681 279894 279934
-1
-1
40200 1632 1672 279040 279080
-1
-1
23994 1308 1348 283313 283353
-1
-1
8058 1165 1205 281603 281643
-1
-1
34471 1527 1567 280610 280650
-1
-1
7115 40 80 281011 281051
-1
-1
15380 1311 1351 283582 283622
-1
-1
4185 872 912 273175 273215
-1
-1
36049 2021 2061 251749 251789
-1
-1
3464 1669 1709 280290 280330
-1
-1
27708 1421 1461 280034 280074
-1
-1
43657 1627 1667 279051 279091
-1
-1
37189 1632 1672 279040 279080
-1
-1
2566 866 906 273202 273242
-1
-1
10570 1316 1356 283581 283621
-1
-1
464 285 325 277951 277991
-1
-1
28536 1001 1041 282823 282863
-1
-1
32603 1640 1680 258012 258052
-1
-1
5267 1070 1110 252113 252153
-1
-1
39915 1421 1461 280034 280074
-1
-1
5295 1255 1295 283535 283575
-1
-1
15284 1309 1349 283313 283353
-1
-1
39775 428 468 276703 276743
-1
-1
9580 872 912 273175 273215
-1
-1
18603 1669 1709 280290 280330
-1
-1
30920 632 672 276660 276700
-1
-1
41701 866 906 273202 273242
-1
-1
43193 1285 1325 283598 283638
-1
-1
41016 1632 1672 279040 279080
-1
-1
19054 866 906 273202 273242
-1
-1
12755 987 1027 281293 281333
-1
-1
32924 1289 1329 283591 283631
-1
-1
10423 1387 1427 276408 276448
-1
-1
44061 1314 1354 283582 283622
-1
-1
16905 1304 1344 283545 283585
-1
-1
5668 2256 2296 227505 227545
-1
-1
16843 1641 1681 257923 257963
-1
-1
12878 1649 1689 257993 258033
-1
-1
35305 1288 1328 283591 283631
-1
-1
18279 1928 1968 251959 251999
-1
-1
10622 1650 1690 258026 258066
-1
-1
10936 866 906 273202 273242
-1
-1
9612 1387 1427 276408 276448
-1
-1
17050 1186 1226 281465 281505
-1
-1
30368 1238 1278 283554 283594
-1
-1
7814 1609 1649 258269 258309
-1
-1
25624 1324 1364 283567 283607
-1
-1
34655 328 368 274553 274593
-1
-1
36743 1011 1051 282786 282826
-1
-1
1977 1250 1290 283564 283604
-1
-1
3887 872 912 273175 273215
-1
-1
1210 1737 1777 248597 248637
-1
-1
23481 1669 1709 280290 280330
-1
-1
27589 842 882 271135 271175
-1
-1
11667 1623 1663 279023 279063
-1
-1
43172 1009 1049 282789 282829
-1
-1
665 1179 1219 281430 281470
-1
-1
24853 1638 1678 279753 279793
-1
-1
13837 1249 1289 283563 283603
-1
-1
11147 866 906 273202 273242
-1
-1
3367 1642 1682 258016 258056
-1
-1
17806 1390 1430 256214 256254
-1
-1
9939 1274 1314 282955 282995
-1
-1
40159 1240 1280 283570 283610
-1
-1
17014 1632 1672 279040 279080
-1
-1
25691 1236 1276 283558 283598
-1
-1
24902 1273 1313 282949 282989
-1
-1
36514 1309 1349 283313 283353
-1
-1
35872 1669 1709 280290 280330
-1
-1
37647 655 695 250148 250188
-1
-1
15570 1249 1289 283563 283603
-1
-1
20068 333 373 268868 268908
-1
-1
40527 1314 1354 283582 283622
-1
-1
21396 1489 1529 280924 280964
-1
-1
37064 1387 1427 276409 276449
-1
-1
9285 1619 1659 279041 279081
-1
-1
1744 1449 1489 282599 282639
-1
-1
24781 1386 1426 276408 276448
-1
-1
10031 1010 1050 282790 282830
-1
-1
8605 1304 1344 283545 283585
-1
-1
37554 660 700 275841 275881
-1
-1
42828 1186 1226 281446 281486
-1
-1
11438 1258 1298 283572 283612
-1
-1
16438 1632 1672 279040 279080
-1
-1
4403 1318 1358 283578 283618
-1
-1
447 1569 1609 279137 279177
-1
-1
20742 1309 1349 283313 283353
-1
-1
31091 338 378 260271 260311
-1
-1
40557 866 906 273202 273242
-1
-1
1469 1335 1375 256121 256161
-1
-1
15508 1618 1658 279043 279083
-1
-1
3889 1308 1348 283313 283353
-1
-1
12965 1246 1286 283564 283604
-1
-1
23817 1427 1467 255947 255987
-1
-1
43850 1241 1281 283570 283610
-1
-1
281 1088 1128 276805 276845
-1
-1
16960 405 445 281745 281785
-1
-1
4818 1318 1358 283578 283618
-1
-1
28051 1455 1495 275436 275476
-1
-1
6187 982 1022 276705 276745
-1
-1
5820 872 912 273175 273215
-1
-1
22429 1477 1517 275418 275458
-1
-1
2270 2225 2265 233189 233229
-1
-1
36486 1669 1709 280290 280330
-1
-1
26048 1618 1658 279042 279082
-1
-1
25414 1309 1349 283313 283353
-1
-1
44367 1309 1349 283313 283353
-1
-1
33728 1640 1680 258012 258052
-1
-1
36496 2108 2148 249951 249991
-1
-1
6206 1669 1709 280290 280330
-1
-1
19939 1011 1051 282786 282826
-1
-1
30128 1457 1497 275431 275471
-1
-1
26684 1638 1678 279763 279803
-1
-1
21134 1305 1345 283547 283587
-1
-1
15993 2322 2362 248924 248964
-1
-1
34388 1273 1313 282949 282989
-1
-1
3757 1318 1358 283578 283618
-1
-1
2659 866 906 273202 273242
-1
-1
29726 1186 1226 281448 281488
-1
-1
11847 399 439 263715 263755
-1
-1
21619 1697 1737 258570 258610
-1
-1
35952 866 906 273202 273242
-1
-1
6119 872 912 273175 273215
-1
-1
20007 1591 1631 258107 258147
-1
-1
8214 1251 1291 283581 283621
-1
-1
29634 973 1013 276690 276730
-1
-1
24499 1640 1680 279779 279819
-1
-1
28031 1418 1458 252682 252722
-1
-1
23539 1638 1678 279753 279793
-1
-1
34295 1421 1461 280034 280074
-1
-1
6598 1323 1363 252788 252828
-1
-1
8432 843 883 271133 271173
-1
-1
16058 1273 1313 282948 282988
-1
-1
27303 2337 2377 249875 249915
-1
-1
25358 866 906 273202 273242
-1
-1
7157 1274 1314 282952 282992
-1
-1
6890 1165 1205 281603 281643
-1
-1
18561 1274 1314 282955 282995
-1
-1
43267 1618 1658 279044 279084
-1
-1
30745 1650 1690 258027 258067
-1
-1
15022 1477 1517 275418 275458
-1
-1
10113 1304 1344 283545 283585
-1
-1
5977 78 118 260172 260212
-1
-1
40946 1011 1051 282786 282826
-1
-1
17788 866 906 273202 273242
-1
-1
44168 1386 1426 276408 276448
-1
-1
9999 1309 1349 283313 283353
-1
-1
9861 1304 1344 283545 283585
-1
-1
38813 487 527 281827 281867
-1
-1
22081 1474 1514 275425 275465
-1
-1
26555 1324 1364 283568 283608
-1
-1
36508 1354 1394 256689 256729
-1
-1
22587 1364 1404 276463 276503
-1
-1
41337 1647 1687 258021 258061
-1
-1
43878 1641 1681 279894 279934
-1
-1
22934 1273 1313 282949 282989
-1
-1
18298 1664 1704 257981 258021
-1
-1
4021 1025 1065 257708 257748
-1
-1
21432 866 906 273202 273242
-1
-1
4032 1043 1083 281269 281309
-1
-1
30924 975 1015 276693 276733
-1
-1
38727 332 372 262129 262169
-1
-1
31279 1309 1349 283313 283353
-1
-1
42100 1314 1354 283582 283622
-1
-1
11114 1316 1356 283581 283621
-1
-1
14981 866 906 273202 273242
-1
-1
43660 1669 1709 280290 280330
-1
-1
21355 1631 1671 279736 279776
-1
-1
37037 1654 1694 257985 258025
-1
-1
40372 668 708 274071 274111
-1
-1
772 1309 1349 283313 283353
-1
-1
43922 1640 1680 258012 258052
-1
-1
33186 756 796 255162 255202
-1
-1
0 2546 2586 248354 248394
-1
-1
10173 1330 1370 282596 282636
-1
-1
40776 1654 1694 257986 258026
-1
-1
2326 1632 1672 279040 279080
-1
-1
3088 2457 2497 242310 242350
-1
-1
3104 1010 1050 282792 282832
-1
-1
14207 1309 1349 283313 283353
-1
-1
26991 416 456 278666 278706
-1
-1
53 1318 1358 283578 283618
-1
-1
29713 1632 1672 279040 279080
-1
-1
41516 1011 1051 282786 282826
-1
-1
43366 1669 1709 280290 280330
-1
-1
33646 866 906 273202 273242
-1
-1
1515 2402 2442 248461 248501
-1
-1
43814 866 906 273202 273242
-1
-1
3879 866 906 273202 273242
-1
-1
27277 553 593 262213 262253
-1
-1
5217 951 991 252409 252449
-1
-1
1066 611 651 281659 281699
-1
-1
27091 1669 1709 280290 280330
-1
-1
30483 1669 1709 280290 280330
-1
-1
17138 1273 1313 282948 282988
-1
-1
4763 1247 1287 283564 283604
-1
-1
36299 1288 1328 283591 283631
-1
-1
24284 1380 1420 283316 283356
-1
-1
7489 1274 1314 282955 282995
-1
-1
20661 1620 1660 258496 258536
-1
-1
42267 1386 1426 276409 276449
-1
-1
24302 1308 1348 283313 283353
-1
-1
12236 1009 1049 282787 282827
-1
-1
15731 518 558 281739 281779
-1
-1
17353 1679 1719 257949 257989
-1
-1
28493 1639 1679 257902 257942
-1
-1
7304 1632 1672 279040 279080
-1
-1
13284 1632 1672 279040 279080
-1
-1
22242 1617 1657 279044 279084
-1
-1
25741 1011 1051 282788 282828
-1
-1
42496 1273 1313 282949 282989
-1
-1
11722 1247 1287 283566 283606
-1
-1
25692 1638 1678 279753 279793
-1
-1
20267 1477 1517 275418 275458
-1
-1
10587 1165 1205 281603 281643
-1
-1
23888 1011 1051 282786 282826
-1
-1
34451 2648 2688 248399 248439
-1
-1
13310 1649 1689 257993 258033
-1
-1
6115 842 882 271135 271175
-1
-1
1610 1165 1205 281603 281643
-1
-1
41448 1654 1694 257985 258025
-1
-1
8632 866 906 273202 273242
-1
-1
11047 590 630 281685 281725
-1
-1
36781 1309 1349 283313 283353
-1
-1
2579 1318 1358 283578 283618
-1
-1
35414 1273 1313 282949 282989
-1
-1
35278 1370 1410 276443 276483
-1
-1
17454 1654 1694 257982 258022
-1
-1
41468 1309 1349 283313 283353
-1
-1
30734 1669 1709 280290 280330
-1
-1
12304 1638 1678 279763 279803
-1
-1
3412 872 912 273175 273215
-1
-1
20967 465 505 281737 281777
-1
-1
31398 2122 2162 249964 250004
-1
-1
3929 1651 1691 258031 258071
-1
-1
2920 1274 1314 282952 282992
-1
-1
27197 1309 1349 283313 283353
-1
-1
29360 1632 1672 279040 279080
-1
-1
2614 1318 1358 283578 283618
-1
-1
12336 1304 1344 283545 283585
-1
-1
7492 866 906 273202 273242
-1
-1
40523 1011 1051 282787 282827
-1
-1
14184 1011 1051 282786 282826
-1
-1
14765 1165 1205 281603 281643
-1
-1
19275 1477 1517 275419 275459
-1
-1
39307 1273 1313 282949 282989
-1
-1
27804 1309 1349 283313 283353
-1
-1
7335 872 912 273175 273215
-1
-1
13329 1619 1659 254171 254211
-1
-1
17885 1000 1040 282824 282864
-1
-1
38470 1240 1280 283571 283611
-1
-1
30216 1735 1775 236517 236557
-1
-1
39539 1241 1281 283570 283610
-1
-1
10485 1650 1690 257990 258030
-1
-1
26217 1260 1300 281104 281144
-1
-1
29968 1646 1686 258021 258061
-1
-1
18044 701 741 276414 276454
-1
-1
29450 1309 1349 283313 283353
-1
-1
26617 1669 1709 280290 280330
-1
-1
10193 1249 1289 283582 283622
-1
-1
1764 872 912 273175 273215
-1
-1
43699 1639 1679 257901 257941
-1
-1
40253 1904 1944 241294 241334
-1
-1
19249 1631 1671 279736 279776
-1
-1
32301 1289 1329 283591 283631
-1
-1
310 1165 1205 281603 281643
-1
-1
12694 1669 1709 280290 280330
-1
-1
4675 1247 1287 283566 283606
-1
-1
38477 1011 1051 282791 282831
-1
-1
14825 1488 1528 275201 275241
-1
-1
8258 1250 1290 283580 283620
-1
-1
37032 1238 1278 283555 283595
-1
-1
19424 321 361 275256 275296
-1
-1
12614 1309 1349 283313 283353
-1
-1
41177 1184 1224 281449 281489
-1
-1
22411 1631 1671 279736 279776
-1
-1
2785 1632 1672 279040 279080
-1
-1
22749 1642 1682 258017 258057
-1
-1
2981 1427 1467 237666 237706
-1
-1
2219 1365 1405 276461 276501
-1
-1
9610 1308 1348 283313 283353
-1
-1
36532 1309 1349 283313 283353
-1
-1
8175 1304 1344 283545 283585
-1
-1
29896 866 906 273202 273242
-1
-1
31488 1309 1349 283313 283353
-1
-1
41824 457 497 244895 244935
-1
-1
39755 1584 1624 280006 280046
-1
-1
41169 1522 1562 254795 254835
-1
-1
31176 678 718 281552 281592
-1
-1
35698 1911 1951 251702 251742
-1
-1
7068 1309 1349 283313 283353
-1
-1
20892 1273 1313 282949 282989
-1
-1
10055 1309 1349 283313 283353
-1
-1
22894 431 471 278939 278979
-1
-1
40998 1618 1658 279044 279084
-1
-1
43202 1273 1313 282949 282989
-1
-1
2762 1318 1358 283578 283618
-1
-1
3391 866 906 273202 273242
-1
-1
31658 1669 1709 280290 280330
-1
-1
12948 1010 1050 282792 282832
-1
-1
3369 70 110 282539 282579
-1
-1
33371 1288 1328 283591 283631
-1
-1
19465 1641 1681 257929 257969
-1
-1
32781 1589 1629 275341 275381
-1
-1
14159 1273 1313 282948 282988
-1
-1
8830 1304 1344 283545 283585
-1
-1
32186 1625 1665 257888 257928
-1
-1
1083 1318 1358 283578 283618
-1
-1
3842 1318 1358 283578 283618
-1
-1
30399 1238 1278 283554 283594
-1
-1
24210 1002 1042 282824 282864
-1
-1
25926 1421 1461 280034 280074
-1
-1
19409 1632 1672 279040 279080
-1
-1
12846 1649 1689 257993 258033
-1
-1
51 53 93 251986 252026
-1
-1
11228 1623 1663 279023 279063
-1
-1
34460 1273 1313 282949 282989
-1
-1
38441 352 392 262523 262563
-1
-1
11813 1258 1298 283576 283616
-1
-1
41319 1432 1472 255880 255920
-1
-1
24068 1632 1672 279040 279080
-1
-1
606 372 412 277584 277624
-1
-1
26463 1669 1709 280290 280330
-1
-1
24248 1011 1051 282786 282826
-1
-1
24408 1618 1658 279042 279082
-1
-1
16299 1459 1499 275442 275482
-1
-1
5908 2065 2105 251422 251462
-1
-1
29892 1589 1629 275341 275381
-1
-1
37017 1011 1051 282788 282828
-1
-1
273 470 510 251199 251239
-1
-1
9194 1632 1672 279040 279080
-1
-1
20730 1309 1349 283313 283353
-1
-1
17314 1252 1292 282261 282301
-1
-1
41373 1619 1659 279426 279466
-1
-1
17370 1669 1709 280290 280330
-1
-1
19773 1679 1719 257949 257989
-1
-1
42034 1632 1672 279040 279080
-1
-1
16829 1679 1719 257949 257989
-1
-1
19709 1641 1681 257923 257963
-1
-1
6078 1632 1672 279040 279080
-1
-1
39775 1857 1897 252321 252361
-1
-1
19811 866 906 273202 273242
-1
-1
8326 1274 1314 282955 282995
-1
-1
19978 1631 1671 279736 279776
-1
-1
42682 1273 1313 282949 282989
-1
-1
12889 1249 1289 283581 283621
-1
-1
6872 1421 1461 280034 280074
-1
-1
26008 1388 1428 276403 276443
-1
-1
43031 1641 1681 279894 279934
-1
-1
23316 1638 1678 279753 279793
-1
-1
11030 677 717 281549 281589
-1
-1
7437 1250 1290 283562 283602
-1
-1
13708 315 355 280748 280788
-1
-1
2280 405 445 253190 253230
-1
-1
15583 1309 1349 283313 283353
-1
-1
8012 1267 1307 283609 283649
-1
-1
5855 67 107 282544 282584
-1
-1
11757 1387 1427 276407 276447
-1
-1
8006 983 1023 276703 276743
-1
-1
14883 1821 1861 239109 239149
-1
-1
2227 1632 1672 279040 279080
-1
-1
33043 1309 1349 283313 283353
-1
-1
31395 1330 1370 283492 283532
-1
-1
28169 1341 1381 257209 257249
-1
-1
32031 1011 1051 282786 282826
-1
-1
20664 1477 1517 275419 275459
-1
-1
25053 1421 1461 280034 280074
-1
-1
26604 2544 2584 250256 250296
-1
-1
2608 1638 1678 257922 257962
-1
-1
2657 1452 1492 250812 250852
-1
-1
12362 1304 1344 283545 283585
-1
-1
4028 1298 1338 283548 283588
-1
-1
33375 1238 1278 283554 283594
-1
-1
32400 1011 1051 282787 282827
-1
-1
42403 1387 1427 276409 276449
-1
-1
42310 1489 1529 255463 255503
-1
-1
416 1427 1467 255554 255594
-1
-1
28851 1589 1629 275341 275381
-1
-1
40002 1543 1583 257967 258007
-1
-1
16954 1351 1391 256270 256310
-1
-1
14103 1261 1301 283573 283613
-1
-1
25812 1011 1051 282787 282827
-1
-1
15959 1011 1051 282787 282827
-1
-1
8396 1609 1649 258018 258058
-1
-1
31541 866 906 273202 273242
-1
-1
36759 1219 1259 281052 281092
-1
-1
16604 866 906 273202 273242
-1
-1
37241 866 906 273202 273242
-1
-1
6812 934 974 283291 283331
-1
-1
41601 1654 1694 257986 258026
-1
-1
22523 1474 1514 275425 275465
-1
-1
4563 510 550 240614 240654
-1
-1
20220 842 882 271135 271175
-1
-1
10109 1302 1342 256621 256661
-1
-1
40674 1647 1687 258021 258061
-1
-1
18093 866 906 273202 273242
-1
-1
14921 1652 1692 257989 258029
-1
-1
24412 1632 1672 279040 279080
-1
-1
21681 1364 1404 276463 276503
-1
-1
24568 1669 1709 280290 280330
-1
-1
38743 360 400 266579 266619
-1
-1
27604 1235 1275 283553 283593
-1
-1
7712 1274 1314 282952 282992
-1
-1
10925 1309 1349 283313 283353
-1
-1
40085 1632 1672 257934 257974
-1
-1
19098 1632 1672 279040 279080
-1
-1
42036 715 755 281495 281535
-1
-1
40905 1314 1354 283582 283622
-1
-1
27077 1011 1051 282786 282826
-1
-1
28078 1238 1278 283554 283594
-1
-1
28317 1638 1678 257912 257952
-1
-1
8365 1311 1351 283582 283622
-1
-1
40316 651 691 249393 249433
-1
-1
24359 1273 1313 282949 282989
-1
-1
15825 1618 1658 279043 279083
-1
-1
1056 2202 2242 249754 249794
-1
-1
15852 1642 1682 257927 257967
-1
-1
40393 2459 2499 250346 250386
-1
-1
18865 1654 1694 257985 258025
-1
-1
13208 320 360 276229 276269
-1
-1
34324 311 351 277653 277693
-1
-1
32274 1325 1365 257432 257472
-1
-1
25970 972 1012 276689 276729
-1
-1
44215 1651 1691 257990 258030
-1
-1
29792 1309 1349 283313 283353
-1
-1
6635 1274 1314 282952 282992
-1
-1
24062 1421 1461 280034 280074
-1
-1
26708 900 940 276735 276775
-1
-1
42659 1669 1709 280290 280330
-1
-1
12212 1273 1313 282948 282988
-1
-1
5592 2695 2735 250094 250134
-1
-1
23768 1369 1409 276453 276493
-1
-1
11930 1252 1292 283585 283625
-1
-1
39890 1309 1349 283313 283353
-1
-1
1317 1976 2016 248548 248588
-1
-1
462 1179 1219 281429 281469
-1
-1
35646 1669 1709 280290 280330
-1
-1
42479 1641 1681 279894 279934
-1
-1
11514 1304 1344 283545 283585
-1
-1
500 1318 1358 283578 283618
-1
-1
19944 1274 1314 282955 282995
-1
-1
5015 1318 1358 283578 283618
-1
-1
17018 1459 1499 275442 275482
-1
-1
38863 1299 1339 283578 283618
-1
-1
13269 1273 1313 282948 282988
-1
-1
28878 1309 1349 283313 283353
-1
-1
14583 1273 1313 282948 282988
-1
-1
15426 1459 1499 275442 275482
-1
-1
22407 1632 1672 279040 279080
-1
-1
32429 1618 1658 279044 279084
-1
-1
38893 1632 1672 279040 279080
-1
-1
34485 1288 1328 283591 283631
-1
-1
35629 2093 2133 250705 250745
-1
-1
21992 1421 1461 280034 280074
-1
-1
24615 1618 1658 279042 279082
-1
-1
18929 1679 1719 257949 257989
-1
-1
4748 1011 1051 282786 282826
-1
-1
19045 1305 1345 283548 283588
-1
-1
30787 1288 1328 283592 283632
-1
-1
11923 1273 1313 282948 282988
-1
-1
14582 1273 1313 282948 282988
-1
-1
43688 1186 1226 281452 281492
-1
-1
5919 1255 1295 283532 283572
-1
-1
39258 1239 1279 283574 283614
-1
-1
20297 1641 1681 257924 257964
-1
-1
41241 1011 1051 282786 282826
-1
-1
38527 1455 1495 275436 275476
-1
-1
17583 1305 1345 283548 283588
-1
-1
34730 997 1037 281299 281339
-1
-1
13490 1258 1298 283573 283613
-1
-1
36998 1654 1694 257985 258025
-1
-1
27843 1455 1495 275436 275476
-1
-1
34887 1380 1420 283317 283357
-1
-1
19550 1632 1672 279040 279080
-1
-1
33165 1307 1347 283549 283589
-1
-1
18090 1679 1719 257949 257989
-1
-1
13537 1394 1434 250352 250392
-1
-1
10503 1650 1690 258026 258066
-1
-1
13710 1258 1298 283573 283613
-1
-1
8044 1011 1051 282789 282829
-1
-1
13750 1304 1344 283545 283585
-1
-1
44148 1632 1672 279040 279080
-1
-1
11992 1372 1412 256421 256461
-1
-1
18395 1632 1672 279040 279080
-1
-1
29289 1632 1672 279040 279080
-1
-1
5980 1011 1051 282787 282827
-1
-1
363 1177 1217 281428 281468
-1
-1
27929 1465 1505 255350 255390
-1
-1
3170 766 806 276990 277030
-1
-1
12539 1309 1349 283313 283353
-1
-1
6971 1669 1709 280290 280330
-1
-1
42648 1618 1658 279044 279084
-1
-1
34847 1669 1709 280290 280330
-1
-1
8999 915 955 255797 255837
-1
-1
20843 645 685 281691 281731
-1
-1
42417 866 906 273202 273242
-1
-1
25266 1669 1709 280290 280330
-1
-1
7440 1251 1291 283580 283620
-1
-1
31610 311 351 277399 277439
-1
-1
25786 1386 1426 276408 276448
-1
-1
33496 1288 1328 283591 283631
-1
-1
1891 2694 2734 231043 231083
-1
-1
11641 1249 1289 283584 283624
-1
-1
14503 1273 1313 282948 282988
-1
-1
16518 1459 1499 275442 275482
-1
-1
5050 984 1024 276705 276745
-1
-1
17103 1324 1364 282391 282431
-1
-1
33534 1619 1659 279038 279078
-1
-1
9654 1309 1349 283313 283353
-1
-1
441 2643 2683 247462 247502
-1
-1
40402 1632 1672 279040 279080
-1
-1
1087 651 691 281595 281635
-1
-1
27746 1001 1041 282823 282863
-1
-1
39808 1421 1461 280034 280074
-1
-1
20377 1305 1345 283548 283588
-1
-1
27424 2113 2153 251065 251105
-1
-1
22223 1631 1671 279736 279776
-1
-1
20897 1002 1042 282826 282866
-1
-1
9497 1387 1427 276408 276448
-1
-1
8284 1240 1280 283575 283615
-1
-1
31994 1632 1672 279040 279080
-1
-1
30791 2649 2689 240062 240102
-1
-1
11272 1163 1203 281053 281093
-1
-1
6647 1255 1295 283532 283572
-1
-1
37337 1654 1694 257985 258025
-1
-1
1664 1569 1609 279137 279177
-1
-1
25066 1273 1313 282949 282989
-1
-1
4364 1165 1205 281603 281643
-1
-1
31040 268 308 281912 281952
-1
-1
42646 1273 1313 282949 282989
-1
-1
40246 1386 1426 276408 276448
-1
-1
10889 866 906 273202 273242
-1
-1
29864 1386 1426 276408 276448
-1
-1
1931 1365 1405 276461 276501
-1
-1
42306 1273 1313 282949 282989
-1
-1
35379 1309 1349 283313 283353
-1
-1
18432 1618 1658 279044 279084
-1
-1
4117 1248 1288 283568 283608
-1
-1
16331 1477 1517 275418 275458
-1
-1
871 299 339 249164 249204
-1
-1
12734 866 906 273202 273242
-1
-1
17244 1669 1709 280290 280330
-1
-1
168 1176 1216 281428 281468
-1
-1
21091 1309 1349 283313 283353
-1
-1
40901 1421 1461 280034 280074
-1
-1
32866 616 656 275903 275943
-1
-1
19644 1641 1681 257923 257963
-1
-1
4572 1248 1288 283567 283607
-1
-1
6020 1397 1437 257608 257648
-1
-1
14229 1318 1358 283578 283618
-1
-1
36481 1421 1461 280034 280074
-1
-1
28226 1457 1497 275431 275471
-1
-1
1614 331 371 281923 281963
-1
-1
34857 1608 1648 254327 254367
-1
-1
18227 1309 1349 283313 283353
-1
-1
26972 399 439 265494 265534
-1
-1
33145 1617 1657 279044 279084
-1
-1
43881 1638 1678 257909 257949
-1
-1
40945 725 765 278061 278101
-1
-1
14762 1459 1499 275441 275481
-1
-1
14546 1652 1692 257988 258028
-1
-1
4188 1309 1349 283313 283353
-1
-1
21862 866 906 273202 273242
-1
-1
9058 1619 1659 279041 279081
-1
-1
35026 1421 1461 280034 280074
-1
-1
31568 1582 1622 279887 279927
-1
-1
3374 1274 1314 282952 282992
-1
-1
7138 985 1025 276706 276746
-1
-1
22615 352 392 281038 281078
-1
-1
42696 967 1007 258269 258309
-1
-1
27964 1293 1333 258271 258311
-1
-1
2281 23 63 276468 276508
-1
-1
19483 1011 1051 282786 282826
-1
-1
21 1977 2017 251008 251048
-1
-1
41613 1279 1319 283604 283644
-1
-1
3231 1278 1318 256146 256186
-1
-1
37531 1235 1275 283555 283595
-1
-1
15709 2447 2487 238565 238605
-1
-1
11061 982 1022 276706 276746
-1
-1
42635 866 906 273202 273242
-1
-1
42936 1638 1678 257901 257941
-1
-1
42954 1386 1426 276409 276449
-1
-1
19833 842 882 271135 271175
-1
-1
1539 872 912 273175 273215
-1
-1
22566 642 682 276666 276706
-1
-1
13768 1248 1288 283565 283605
-1
-1
19502 1011 1051 282786 282826
-1
-1
36999 1625 1665 258010 258050
-1
-1
37331 1654 1694 257985 258025
-1
-1
24774 1380 1420 283316 283356
-1
-1
26923 972 1012 276688 276728
-1
-1
15821 2626 2666 248396 248436
-1
-1
30306 1185 1225 281450 281490
-1
-1
9685 1261 1301 283572 283612
-1
-1
6537 1255 1295 283532 283572
-1
-1
32121 1625 1665 257888 257928
-1
-1
26262 1248 1288 281746 281786
-1
-1
16578 1011 1051 282788 282828
-1
-1
24880 1011 1051 282786 282826
-1
-1
22277 1631 1671 279736 279776
-1
-1
39914 1386 1426 276408 276448
-1
-1
29817 866 906 273202 273242
-1
-1
31005 1669 1709 280290 280330
-1
-1
44412 1305 1345 283547 283587
-1
-1
7049 1387 1427 276407 276447
-1
-1
39143 1489 1529 280931 280971
-1
-1
16509 1618 1658 279043 279083
-1
-1
9759 866 906 273202 273242
-1
-1
16416 1250 1290 283562 283602
-1
-1
8992 1669 1709 280290 280330
-1
-1
40890 1654 1694 257986 258026
-1
-1
40359 1632 1672 257938 257978
-1
-1
23545 1012 1052 282789 282829
-1
-1
552 1567 1607 254276 254316
-1
-1
1680 1318 1358 283578 283618
-1
-1
17551 1679 1719 257949 257989
-1
-1
39729 1586 1626 280285 280325
-1
-1
24107 1386 1426 276407 276447
-1
-1
352 1176 1216 281428 281468
-1
-1
37230 1067 1107 257219 257259
-1
-1
811 2078 2118 250406 250446
-1
-1
5392 652 692 276715 276755
-1
-1
6780 1177 1217 281433 281473
-1
-1
18634 1370 1410 256577 256617
-1
-1
6567 57 97 281783 281823
-1
-1
27547 1387 1427 276401 276441
-1
-1
18979 1352 1392 276489 276529
-1
-1
20209 1274 1314 282954 282994
-1
-1
10681 1669 1709 280290 280330
-1
-1
21427 1305 1345 283547 283587
-1
-1
18711 697 737 281516 281556
-1
-1
4196 1011 1051 282784 282824
-1
-1
36586 1319 1359 257328 257368
-1
